dnn_MNIST_100-100_0.0_0001, None, , 0, 0, 0,, 0, 0, 0,, 3.8782198429107666,, network, relaxation,, 0,,,0,0
dnn_MNIST_100-100_0.0_0002, None, , 0, 0, 0,, 0, 0, 0,, 3.2298080921173096,, network, relaxation,, 1,,,0,1
dnn_MNIST_100-100_0.0_0003, None, , 0, 0, 0,, 0, 0, 0,, 3.0000948905944824,, network, relaxation,, 0,,,0,0
dnn_MNIST_100-100_0.0_0004, None, , 0, 0, 0,, 0, 0, 0,, 2.9172964096069336,, network, relaxation,, 0,,,0,0
dnn_MNIST_100-100_0.0_0005, None, , 0, 0, 0,, 0, 0, 0,, 2.92282772064209,, network, relaxation,, 0,,,0,0
dnn_MNIST_100-100_2.5e-05_0001, None, , 0, 0, 0,, 0, 0, 0,, 3.030008316040039,, network, relaxation,, 0,,,0,0
dnn_MNIST_100-100_2.5e-05_0002, None, , 0, 0, 0,, 0, 0, 0,, 3.020718574523926,, network, relaxation,, 0,,,0,0
dnn_MNIST_100-100_2.5e-05_0003, None, , 0, 0, 0,, 0, 0, 0,, 3.6124792098999023,, network, relaxation,, 0,,,0,0
dnn_MNIST_100-100_2.5e-05_0004, None, , 0, 0, 0,, 0, 0, 0,, 9.676339626312256,, network, relaxation,, 0,,,0,0
dnn_MNIST_100-100_2.5e-05_0005, None, , 0, 0, 0,, 0, 0, 0,, 3.533535957336426,, network, relaxation,, 0,,,0,0
dnn_MNIST_100-100_5e-05_0001, None, , 0, 0, 0,, 0, 0, 0,, 2.961394786834717,, network, relaxation,, 1,,,0,1
dnn_MNIST_100-100_5e-05_0002, None, , 0, 0, 0,, 0, 0, 0,, 3.5811853408813477,, network, relaxation,, 0,,,0,0
dnn_MNIST_100-100_5e-05_0003, None, , 0, 0, 0,, 0, 0, 0,, 3.401364326477051,, network, relaxation,, 2,,,2,0
dnn_MNIST_100-100_5e-05_0004, None, , 0, 0, 1,, 0, 0, 0,, 3.1991074085235596,, network, relaxation,, 2,,,1,1
dnn_MNIST_100-100_5e-05_0005, None, , 0, 0, 0,, 0, 0, 0,, 3.151577949523926,, network, relaxation,, 1,,,0,1
dnn_MNIST_100-100_7.500000000000001e-05_0001, None, , 4, 4, 3,, 0, 0, 0,, 3.658548355102539,, network, relaxation,, 8,,,5,3
dnn_MNIST_100-100_7.500000000000001e-05_0002, None, , 3, 3, 1,, 0, 0, 1,, 6.894224643707275,, network, relaxation,, 5,,,3,2
dnn_MNIST_100-100_7.500000000000001e-05_0003, None, , 3, 3, 2,, 0, 0, 0,, 3.499204635620117,, network, relaxation,, 5,,,3,2
dnn_MNIST_100-100_7.500000000000001e-05_0004, None, , 2, 2, 3,, 0, 0, 0,, 3.020054340362549,, network, relaxation,, 5,,,2,3
dnn_MNIST_100-100_7.500000000000001e-05_0005, None, , 2, 2, 1,, 0, 0, 0,, 3.4919703006744385,, network, relaxation,, 3,,,2,1
dnn_MNIST_100-100_0.0001_0001, None, , 8, 8, 6,, 0, 0, 2,, 3.3079450130462646,, network, relaxation,, 19,,,11,8
dnn_MNIST_100-100_0.0001_0002, None, , 10, 10, 2,, 0, 0, 3,, 3.0467171669006348,, network, relaxation,, 16,,,11,5
dnn_MNIST_100-100_0.0001_0003, None, , 7, 7, 7,, 0, 0, 1,, 3.2410812377929688,, network, relaxation,, 16,,,8,8
dnn_MNIST_100-100_0.0001_0004, None, , 6, 6, 6,, 1, 1, 0,, 3.6106631755828857,, network, relaxation,, 13,,,7,6
dnn_MNIST_100-100_0.0001_0005, None, , 7, 7, 5,, 1, 1, 2,, 7.714557409286499,, network, relaxation,, 16,,,8,8
dnn_MNIST_100-100_0.000125_0001, None, , 14, 14, 14,, 6, 6, 3,, 3.812049150466919,, network, relaxation,, 38,,,21,17
dnn_MNIST_100-100_0.000125_0002, None, , 10, 10, 16,, 5, 5, 2,, 2.930518865585327,, network, relaxation,, 33,,,15,18
dnn_MNIST_100-100_0.000125_0003, None, , 13, 13, 14,, 3, 3, 5,, 3.4177794456481934,, network, relaxation,, 35,,,16,19
dnn_MNIST_100-100_0.000125_0004, None, , 15, 15, 10,, 2, 2, 8,, 3.0660221576690674,, network, relaxation,, 37,,,19,18
dnn_MNIST_100-100_0.000125_0005, None, , 17, 17, 12,, 5, 5, 8,, 3.34675931930542,, network, relaxation,, 45,,,25,20
dnn_MNIST_100-100_0.00015000000000000001_0001, None, , 15, 15, 14,, 16, 16, 8,, 3.11533784866333,, network, relaxation,, 53,,,31,22
dnn_MNIST_100-100_0.00015000000000000001_0002, None, , 22, 22, 14,, 14, 14, 10,, 3.8179991245269775,, network, relaxation,, 61,,,37,24
dnn_MNIST_100-100_0.00015000000000000001_0003, None, , 16, 16, 14,, 7, 7, 11,, 8.573534965515137,, network, relaxation,, 51,,,26,25
dnn_MNIST_100-100_0.00015000000000000001_0004, None, , 22, 22, 8,, 9, 9, 9,, 3.452406644821167,, network, relaxation,, 48,,,31,17
dnn_MNIST_100-100_0.00015000000000000001_0005, None, , 17, 17, 21,, 11, 11, 8,, 3.145434617996216,, network, relaxation,, 58,,,29,29
dnn_MNIST_100-100_0.000175_0001, None, , 15, 15, 26,, 22, 22, 10,, 3.5713837146759033,, network, relaxation,, 73,,,37,36
dnn_MNIST_100-100_0.000175_0002, None, , 24, 24, 19,, 23, 23, 13,, 3.0906457901000977,, network, relaxation,, 79,,,47,32
dnn_MNIST_100-100_0.000175_0003, None, , 26, 26, 13,, 21, 21, 10,, 3.3502981662750244,, network, relaxation,, 73,,,50,23
dnn_MNIST_100-100_0.000175_0004, None, , 17, 17, 27,, 23, 23, 5,, 3.717813730239868,, network, relaxation,, 73,,,41,32
dnn_MNIST_100-100_0.000175_0005, None, , 22, 22, 18,, 18, 18, 8,, 3.4012460708618164,, network, relaxation,, 67,,,41,26
dnn_MNIST_100-100_0.0002_0001, None, , 19, 19, 26,, 29, 29, 12,, 7.093743801116943,, network, relaxation,, 88,,,50,38
dnn_MNIST_100-100_0.0002_0002, None, , 25, 25, 24,, 24, 24, 13,, 3.72318959236145,, network, relaxation,, 88,,,51,37
dnn_MNIST_100-100_0.0002_0003, None, , 28, 28, 20,, 22, 22, 14,, 3.379859685897827,, network, relaxation,, 86,,,52,34
dnn_MNIST_100-100_0.0002_0004, None, , 27, 27, 22,, 29, 29, 8,, 3.793938636779785,, network, relaxation,, 88,,,58,30
dnn_MNIST_100-100_0.0002_0005, None, , 24, 24, 26,, 30, 30, 14,, 3.1283652782440186,, network, relaxation,, 94,,,54,40
dnn_MNIST_100-100_0.00022500000000000002_0001, None, , 30, 30, 19,, 30, 30, 11,, 3.3597116470336914,, network, relaxation,, 93,,,63,30
dnn_MNIST_100-100_0.00022500000000000002_0002, None, , 28, 28, 25,, 30, 30, 12,, 3.9209747314453125,, network, relaxation,, 96,,,59,37
dnn_MNIST_100-100_0.00022500000000000002_0003, None, , 25, 25, 20,, 39, 39, 14,, 5.53032660484314,, network, relaxation,, 100,,,66,34
dnn_MNIST_100-100_0.00022500000000000002_0004, None, , 24, 24, 34,, 30, 30, 12,, 8.13170862197876,, network, relaxation,, 101,,,55,46
dnn_MNIST_100-100_0.00022500000000000002_0005, None, , 32, 32, 25,, 30, 30, 9,, 3.9833459854125977,, network, relaxation,, 97,,,63,34
dnn_MNIST_100-100_0.00025_0001, None, , 31, 31, 27,, 33, 33, 13,, 3.056138753890991,, network, relaxation,, 104,,,64,40
dnn_MNIST_100-100_0.00025_0002, None, , 28, 28, 30,, 46, 46, 9,, 4.132604122161865,, network, relaxation,, 115,,,76,39
dnn_MNIST_100-100_0.00025_0003, None, , 28, 28, 26,, 39, 39, 13,, 4.866164207458496,, network, relaxation,, 109,,,70,39
dnn_MNIST_100-100_0.00025_0004, None, , 24, 24, 29,, 29, 29, 16,, 3.7920830249786377,, network, relaxation,, 99,,,54,45
dnn_MNIST_100-100_0.00025_0005, None, , 33, 33, 23,, 45, 45, 9,, 4.0791168212890625,, network, relaxation,, 112,,,80,32
dnn_MNIST_100-100_0.000275_0001, None, , 25, 25, 34,, 38, 38, 13,, 3.1133008003234863,, network, relaxation,, 112,,,65,47
dnn_MNIST_100-100_0.000275_0002, None, , 38, 38, 25,, 28, 28, 15,, 8.865058183670044,, network, relaxation,, 110,,,70,40
dnn_MNIST_100-100_0.000275_0003, None, , 26, 26, 34,, 39, 39, 13,, 4.0565345287323,, network, relaxation,, 114,,,67,47
dnn_MNIST_100-100_0.000275_0004, None, , 26, 26, 31,, 42, 42, 10,, 3.1279053688049316,, network, relaxation,, 109,,,68,41
dnn_MNIST_100-100_0.000275_0005, None, , 30, 30, 29,, 35, 35, 19,, 3.8882951736450195,, network, relaxation,, 113,,,65,48
dnn_MNIST_100-100_0.00030000000000000003_0001, None, , 30, 30, 29,, 45, 45, 20,, 3.5024495124816895,, network, relaxation,, 128,,,78,50
dnn_MNIST_100-100_0.00030000000000000003_0002, None, , 26, 26, 31,, 46, 46, 15,, 3.6345062255859375,, network, relaxation,, 122,,,76,46
dnn_MNIST_100-100_0.00030000000000000003_0003, None, , 27, 27, 28,, 48, 48, 13,, 3.564847469329834,, network, relaxation,, 116,,,75,41
dnn_MNIST_100-100_0.00030000000000000003_0004, None, , 27, 27, 31,, 37, 37, 18,, 4.4954752922058105,, network, relaxation,, 116,,,67,49
dnn_MNIST_100-100_0.00030000000000000003_0005, None, , 22, 22, 36,, 44, 44, 18,, 10.327389240264893,, network, relaxation,, 123,,,69,54
dnn_MNIST_100-100_0.00032500000000000004_0001, None, , 38, 38, 26,, 38, 38, 18,, 4.325207948684692,, network, relaxation,, 121,,,77,44
dnn_MNIST_100-100_0.00032500000000000004_0002, None, , 32, 32, 31,, 54, 54, 14,, 3.0266530513763428,, network, relaxation,, 132,,,87,45
dnn_MNIST_100-100_0.00032500000000000004_0003, None, , 39, 39, 25,, 43, 43, 20,, 3.9737536907196045,, network, relaxation,, 129,,,84,45
dnn_MNIST_100-100_0.00032500000000000004_0004, None, , 28, 28, 36,, 29, 29, 21,, 3.023357629776001,, network, relaxation,, 114,,,57,57
dnn_MNIST_100-100_0.00032500000000000004_0005, None, , 37, 37, 28,, 39, 39, 22,, 3.0914037227630615,, network, relaxation,, 127,,,77,50
dnn_MNIST_100-100_0.00035_0001, None, , 31, 31, 30,, 46, 46, 20,, 4.637756109237671,, network, relaxation,, 130,,,80,50
dnn_MNIST_100-100_0.00035_0002, None, , 31, 31, 34,, 49, 49, 14,, 4.288779973983765,, network, relaxation,, 130,,,82,48
dnn_MNIST_100-100_0.00035_0003, None, , 40, 40, 28,, 43, 43, 18,, 8.027608156204224,, network, relaxation,, 129,,,83,46
dnn_MNIST_100-100_0.00035_0004, None, , 32, 32, 30,, 44, 44, 22,, 4.295575380325317,, network, relaxation,, 129,,,77,52
dnn_MNIST_100-100_0.00035_0005, None, , 39, 39, 25,, 50, 50, 13,, 4.750511407852173,, network, relaxation,, 131,,,93,38
dnn_MNIST_100-100_0.000375_0001, None, , 34, 34, 31,, 45, 45, 19,, 3.6783037185668945,, network, relaxation,, 129,,,79,50
dnn_MNIST_100-100_0.000375_0002, None, , 41, 41, 27,, 43, 43, 16,, 3.689997911453247,, network, relaxation,, 128,,,85,43
dnn_MNIST_100-100_0.000375_0003, None, , 39, 39, 25,, 41, 41, 17,, 3.3134708404541016,, network, relaxation,, 124,,,82,42
dnn_MNIST_100-100_0.000375_0004, None, , 30, 30, 38,, 46, 46, 19,, 3.543970823287964,, network, relaxation,, 133,,,76,57
dnn_MNIST_100-100_0.000375_0005, None, , 36, 36, 27,, 57, 57, 17,, 3.3893210887908936,, network, relaxation,, 138,,,94,44
dnn_MNIST_100-100_0.0004_0001, None, , 37, 37, 31,, 52, 52, 13,, 8.537466049194336,, network, relaxation,, 134,,,90,44
dnn_MNIST_100-100_0.0004_0002, None, , 37, 37, 33,, 52, 52, 13,, 3.8766961097717285,, network, relaxation,, 136,,,90,46
dnn_MNIST_100-100_0.0004_0003, None, , 37, 37, 29,, 53, 53, 18,, 3.4191081523895264,, network, relaxation,, 142,,,95,47
dnn_MNIST_100-100_0.0004_0004, None, , 40, 40, 25,, 46, 46, 15,, 4.332877159118652,, network, relaxation,, 128,,,88,40
dnn_MNIST_100-100_0.0004_0005, None, , 41, 41, 30,, 49, 49, 19,, 3.20803165435791,, network, relaxation,, 141,,,92,49
dnn_MNIST_200-200_0.0_0001, None, , 0, 0, 0,, 0, 0, 0,, 5.328471660614014,, network, relaxation,, 0,,,0,0
dnn_MNIST_200-200_0.0_0002, None, , 0, 0, 0,, 0, 0, 0,, 6.077082633972168,, network, relaxation,, 0,,,0,0
dnn_MNIST_200-200_0.0_0003, None, , 0, 0, 0,, 0, 0, 0,, 5.274189472198486,, network, relaxation,, 0,,,0,0
dnn_MNIST_200-200_0.0_0004, None, , 0, 0, 0,, 0, 0, 0,, 10.548189878463745,, network, relaxation,, 1,,,0,1
dnn_MNIST_200-200_0.0_0005, None, , 0, 0, 0,, 0, 0, 0,, 5.995093822479248,, network, relaxation,, 0,,,0,0
dnn_MNIST_200-200_2.5e-05_0001, None, , 0, 0, 0,, 0, 0, 0,, 6.855802536010742,, network, relaxation,, 1,,,0,1
dnn_MNIST_200-200_2.5e-05_0002, None, , 0, 0, 0,, 0, 0, 0,, 6.153275012969971,, network, relaxation,, 1,,,0,1
dnn_MNIST_200-200_2.5e-05_0003, None, , 0, 0, 0,, 0, 0, 0,, 6.26648736000061,, network, relaxation,, 0,,,0,0
dnn_MNIST_200-200_2.5e-05_0004, None, , 0, 0, 0,, 0, 0, 0,, 6.065134048461914,, network, relaxation,, 1,,,1,0
dnn_MNIST_200-200_2.5e-05_0005, None, , 0, 0, 0,, 0, 0, 0,, 5.871043682098389,, network, relaxation,, 0,,,0,0
dnn_MNIST_200-200_5e-05_0001, None, , 0, 0, 1,, 0, 0, 0,, 6.122973442077637,, network, relaxation,, 3,,,2,1
dnn_MNIST_200-200_5e-05_0002
dnn_MNIST_200-200_5e-05_0003
dnn_MNIST_200-200_5e-05_0004
dnn_MNIST_200-200_5e-05_0005
dnn_MNIST_200-200_7.500000000000001e-05_0001
dnn_MNIST_200-200_7.500000000000001e-05_0002
dnn_MNIST_200-200_7.500000000000001e-05_0003
dnn_MNIST_200-200_7.500000000000001e-05_0004
dnn_MNIST_200-200_7.500000000000001e-05_0005, None, , 29, 29, 16,, 0, 0, 3,, 10.388816833496094,, network, relaxation,, 52,,,29,23
dnn_MNIST_200-200_0.0001_0001, None, , 46, 46, 31,, 25, 25, 8,, 6.416600704193115,, network, relaxation,, 111,,,72,39
dnn_MNIST_200-200_0.0001_0002, None, , 51, 51, 30,, 21, 21, 12,, 7.072327613830566,, network, relaxation,, 116,,,74,42
dnn_MNIST_200-200_0.0001_0003, None, , 53, 53, 32,, 24, 24, 8,, 6.559918403625488,, network, relaxation,, 122,,,82,40
dnn_MNIST_200-200_0.0001_0004, None, , 53, 53, 32,, 23, 23, 19,, 9.217190980911255,, network, relaxation,, 128,,,77,51
dnn_MNIST_200-200_0.0001_0005, None, , 50, 50, 31,, 16, 16, 10,, 7.766733169555664,, network, relaxation,, 111,,,70,41
dnn_MNIST_200-200_0.000125_0001, None, , 67, 67, 42,, 54, 54, 16,, 6.242670297622681,, network, relaxation,, 182,,,124,58
dnn_MNIST_200-200_0.000125_0002, None, , 69, 69, 44,, 52, 52, 18,, 6.085472106933594,, network, relaxation,, 183,,,121,62
dnn_MNIST_200-200_0.000125_0003, None, , 61, 61, 41,, 57, 57, 18,, 17.763803720474243,, network, relaxation,, 181,,,122,59
dnn_MNIST_200-200_0.000125_0004, None, , 71, 71, 37,, 48, 48, 9,, 6.94937801361084,, network, relaxation,, 170,,,124,46
dnn_MNIST_200-200_0.000125_0005, None, , 56, 56, 48,, 49, 49, 18,, 12.65452527999878,, network, relaxation,, 177,,,111,66
dnn_MNIST_200-200_0.00015000000000000001_0001, None, , 75, 75, 54,, 73, 73, 30,, 10.769154071807861,, network, relaxation,, 234,,,150,84
dnn_MNIST_200-200_0.00015000000000000001_0002, None, , 80, 80, 48,, 73, 73, 20,, 6.338032484054565,, network, relaxation,, 226,,,158,68
dnn_MNIST_200-200_0.00015000000000000001_0003, None, , 85, 85, 48,, 67, 67, 23,, 5.85945725440979,, network, relaxation,, 226,,,155,71
dnn_MNIST_200-200_0.00015000000000000001_0004, None, , 79, 79, 42,, 81, 81, 21,, 9.978237867355347,, network, relaxation,, 227,,,164,63
dnn_MNIST_200-200_0.00015000000000000001_0005, None, , 78, 78, 45,, 69, 69, 31,, 8.57666301727295,, network, relaxation,, 231,,,155,76
dnn_MNIST_200-200_0.000175_0001, None, , 85, 85, 57,, 97, 97, 28,, 10.562258005142212,, network, relaxation,, 269,,,184,85
dnn_MNIST_200-200_0.000175_0002, None, , 94, 94, 49,, 86, 86, 23,, 8.882173776626587,, network, relaxation,, 256,,,184,72
dnn_MNIST_200-200_0.000175_0003, None, , 90, 90, 54,, 83, 83, 34,, 6.991055250167847,, network, relaxation,, 267,,,179,88
dnn_MNIST_200-200_0.000175_0004, None, , 85, 85, 50,, 85, 85, 27,, 6.048179626464844,, network, relaxation,, 251,,,174,77
dnn_MNIST_200-200_0.000175_0005, None, , 91, 91, 47,, 86, 86, 27,, 6.511063814163208,, network, relaxation,, 253,,,179,74
dnn_MNIST_200-200_0.0002_0001, None, , 88, 88, 59,, 105, 105, 24,, 5.649649143218994,, network, relaxation,, 278,,,195,83
dnn_MNIST_200-200_0.0002_0002, None, , 90, 90, 55,, 88, 88, 32,, 5.557260990142822,, network, relaxation,, 267,,,180,87
dnn_MNIST_200-200_0.0002_0003, None, , 87, 87, 58,, 87, 87, 26,, 6.007539749145508,, network, relaxation,, 260,,,176,84
dnn_MNIST_200-200_0.0002_0004, None, , 94, 94, 51,, 95, 95, 30,, 8.935350179672241,, network, relaxation,, 274,,,193,81
dnn_MNIST_200-200_0.0002_0005, None, , 97, 97, 51,, 97, 97, 30,, 5.754657506942749,, network, relaxation,, 277,,,196,81
dnn_MNIST_400-400_0.0_0001, None, , 0, 0, 0,, 0, 0, 0,, 11.453981876373291,, network, relaxation,, 0,,,0,0
dnn_MNIST_400-400_0.0_0002, None, , 0, 0, 0,, 0, 0, 0,, 12.150316715240479,, network, relaxation,, 0,,,0,0
dnn_MNIST_400-400_0.0_0003, None, , 0, 0, 0,, 0, 0, 0,, 11.694486856460571,, network, relaxation,, 0,,,0,0
dnn_MNIST_400-400_0.0_0004, None, , 0, 0, 0,, 0, 0, 0,, 11.69416069984436,, network, relaxation,, 0,,,0,0
dnn_MNIST_400-400_0.0_0005, None, , 0, 0, 0,, 0, 0, 0,, 11.530354499816895,, network, relaxation,, 0,,,0,0
dnn_MNIST_400-400_2.5e-05_0001, None, , 0, 0, 0,, 0, 0, 0,, 12.716546535491943,, network, relaxation,, 0,,,0,0
dnn_MNIST_400-400_2.5e-05_0002, None, , 0, 0, 0,, 0, 0, 0,, 16.629425525665283,, network, relaxation,, 0,,,0,0
dnn_MNIST_400-400_2.5e-05_0003, None, , 0, 0, 0,, 0, 0, 0,, 12.683750867843628,, network, relaxation,, 0,,,0,0
dnn_MNIST_400-400_2.5e-05_0004, None, , 0, 0, 0,, 0, 0, 0,, 12.469358444213867,, network, relaxation,, 0,,,0,0
dnn_MNIST_400-400_2.5e-05_0005, None, , 0, 0, 0,, 0, 0, 0,, 12.615765810012817,, network, relaxation,, 0,,,0,0
dnn_MNIST_400-400_5e-05_0001, None, , 2, 2, 0,, 0, 0, 0,, 14.081788778305054,, network, relaxation,, 11,,,10,1
dnn_MNIST_400-400_5e-05_0002, None, , 7, 7, 0,, 0, 0, 0,, 13.276134490966797,, network, relaxation,, 11,,,10,1
dnn_MNIST_400-400_5e-05_0003, None, , 6, 6, 0,, 0, 0, 0,, 12.527057647705078,, network, relaxation,, 16,,,15,1
dnn_MNIST_400-400_5e-05_0004, None, , 4, 4, 0,, 0, 0, 0,, 14.740971565246582,, network, relaxation,, 12,,,12,0
dnn_MNIST_400-400_5e-05_0005, None, , 6, 6, 0,, 0, 0, 0,, 19.46587824821472,, network, relaxation,, 15,,,15,0
dnn_MNIST_400-400_7.500000000000001e-05_0001, None, , 129, 129, 48,, 76, 76, 23,, 23.898855209350586,, network, relaxation,, 285,,,214,71
dnn_MNIST_400-400_7.500000000000001e-05_0002, None, , 141, 141, 41,, 62, 62, 23,, 51.802300214767456,, network, relaxation,, 278,,,213,65
dnn_MNIST_400-400_7.500000000000001e-05_0003, None, , 130, 130, 35,, 59, 59, 25,, 118.15258550643921,, network, relaxation,, 261,,,201,60
dnn_MNIST_400-400_7.500000000000001e-05_0004, None, , 120, 120, 45,, 62, 62, 33,, 50.96515464782715,, network, relaxation,, 270,,,192,78
dnn_MNIST_400-400_7.500000000000001e-05_0005, None, , 131, 131, 41,, 81, 81, 15,, 216.91392016410828,, network, relaxation,, 281,,,225,56
dnn_MNIST_400-400_0.0001_0001, None, , 215, 215, 61,, 150, 150, 50,, 39.140650510787964,, network, relaxation,, 482,,,371,111
dnn_MNIST_400-400_0.0001_0002, None, , 185, 185, 81,, 147, 147, 46,, 148.81898188591003,, network, relaxation,, 474,,,347,127
dnn_MNIST_400-400_0.0001_0003, None, , 183, 183, 75,, 174, 174, 34,, 77.87425374984741,, network, relaxation,, 474,,,365,109
dnn_MNIST_400-400_0.0001_0004, None, , 192, 192, 85,, 158, 158, 34,, 341.69147300720215,, network, relaxation,, 486,,,366,120
dnn_MNIST_400-400_0.0001_0005, None, , 210, 210, 65,, 164, 164, 32,, 93.24886012077332,, network, relaxation,, 481,,,384,97
dnn_MNIST_400-400_0.000125_0001, None, , 226, 226, 88,, 204, 204, 53,, 23.76438021659851,, network, relaxation,, 577,,,436,141
dnn_MNIST_400-400_0.000125_0002, None, , 217, 217, 101,, 187, 187, 59,, 51.56849431991577,, network, relaxation,, 575,,,415,160
dnn_MNIST_400-400_0.000125_0003, None, , 220, 220, 100,, 210, 210, 47,, 27.068168878555298,, network, relaxation,, 584,,,435,149
dnn_MNIST_400-400_0.000125_0004, None, , 235, 235, 81,, 197, 197, 57,, 32.91798806190491,, network, relaxation,, 575,,,437,138
dnn_MNIST_400-400_0.000125_0005, None, , 235, 235, 79,, 208, 208, 54,, 20.051642894744873,, network, relaxation,, 583,,,450,133
dnn_MNIST_400-400_0.00015000000000000001_0001, None, , 250, 250, 82,, 229, 229, 53,, 21.23830223083496,, network, relaxation,, 620,,,485,135
dnn_MNIST_400-400_0.00015000000000000001_0002, None, , 239, 239, 87,, 213, 213, 61,, 14.94655179977417,, network, relaxation,, 605,,,457,148
dnn_MNIST_400-400_0.00015000000000000001_0003, None, , 251, 251, 82,, 212, 212, 69,, 24.860145092010498,, network, relaxation,, 620,,,469,151
dnn_MNIST_400-400_0.00015000000000000001_0004, None, , 247, 247, 86,, 233, 233, 60,, 19.19718027114868,, network, relaxation,, 630,,,484,146
dnn_MNIST_400-400_0.00015000000000000001_0005, None, , 232, 232, 103,, 213, 213, 73,, 24.650359869003296,, network, relaxation,, 630,,,454,176
dnn_MNIST_400-400_0.000175_0001, None, , 258, 258, 80,, 238, 238, 64,, 21.042104959487915,, network, relaxation,, 643,,,499,144
dnn_MNIST_400-400_0.000175_0002, None, , 254, 254, 89,, 248, 248, 61,, 14.569300413131714,, network, relaxation,, 655,,,505,150
dnn_MNIST_400-400_0.000175_0003, None, , 270, 270, 77,, 234, 234, 57,, 71.86033272743225,, network, relaxation,, 643,,,509,134
dnn_MNIST_400-400_0.000175_0004, None, , 266, 266, 81,, 245, 245, 63,, 16.76194739341736,, network, relaxation,, 658,,,514,144
dnn_MNIST_400-400_0.000175_0005, None, , 263, 263, 81,, 262, 262, 55,, 14.503301858901978,, network, relaxation,, 663,,,527,136
dnn_MNIST_400-400_0.0002_0001, None, , 261, 261, 91,, 258, 258, 67,, 1612.421002626419,, network, relaxation,, 686,,,528,158
dnn_MNIST_400-400_0.0002_0002, None, , 273, 273, 77,, 270, 270, 61,, 24.56643795967102,, network, relaxation,, 689,,,551,138
dnn_MNIST_400-400_0.0002_0003, None, , 276, 276, 79,, 262, 262, 62,, 12.305010557174683,, network, relaxation,, 682,,,541,141
dnn_MNIST_400-400_0.0002_0004, None, , 276, 276, 77,, 272, 272, 62,, 131.5912003517151,, network, relaxation,, 687,,,548,139
dnn_MNIST_400-400_0.0002_0005, None, , 269, 269, 75,, 227, 227, 85,, 12.64450478553772,, network, relaxation,, 661,,,501,160
dnn_MNIST_800-800_0.0_0001, None, , 0, 0, 0,, 0, 0, 0,, 30.72287154197693,, network, relaxation,, 0,,,0,0
dnn_MNIST_800-800_0.0_0002, None, , 0, 0, 0,, 0, 0, 0,, 35.55702996253967,, network, relaxation,, 0,,,0,0
dnn_MNIST_800-800_0.0_0003, None, , 0, 0, 0,, 0, 0, 0,, 32.1986243724823,, network, relaxation,, 0,,,0,0
dnn_MNIST_800-800_0.0_0004, None, , 0, 0, 0,, 0, 0, 0,, 30.563945770263672,, network, relaxation,, 0,,,0,0
dnn_MNIST_800-800_0.0_0005, None, , 0, 0, 0,, 0, 0, 0,, 30.755441665649414,, network, relaxation,, 0,,,0,0
dnn_MNIST_800-800_2.5e-05_0001, None, , 0, 0, 0,, 0, 0, 0,, 31.2953839302063,, network, relaxation,, 0,,,0,0
dnn_MNIST_800-800_2.5e-05_0002, None, , 0, 0, 0,, 0, 0, 0,, 30.783677339553833,, network, relaxation,, 0,,,0,0
dnn_MNIST_800-800_2.5e-05_0003, None, , 0, 0, 0,, 0, 0, 0,, 30.734916925430298,, network, relaxation,, 0,,,0,0
dnn_MNIST_800-800_2.5e-05_0004, None, , 0, 0, 0,, 0, 0, 0,, 30.480331420898438,, network, relaxation,, 0,,,0,0
dnn_MNIST_800-800_2.5e-05_0005, None, , 0, 0, 0,, 0, 0, 0,, 35.58903956413269,, network, relaxation,, 0,,,0,0
dnn_MNIST_800-800_5e-05_0001, None, , -, -, -,, -, -, -,, 10801.579729318619,, network, relaxation,, 113,,,96,17
dnn_MNIST_800-800_5e-05_0002, None, , -, -, -,, -, -, -,, 10804.465471029282,, network, relaxation,, 122,,,108,14
dnn_MNIST_800-800_5e-05_0003, None, , -, -, -,, -, -, -,, 10800.109026670456,, network, relaxation,, 112,,,96,16
dnn_MNIST_800-800_5e-05_0004, None, , -, -, -,, -, -, -,, 10803.17275428772,, network, relaxation,, 118,,,109,9
dnn_MNIST_800-800_5e-05_0005, None, , -, -, -,, -, -, -,, 10800.052143573761,, network, relaxation,, 127,,,112,15
dnn_MNIST_800-800_7.500000000000001e-05_0001, None, , 448, 448, 97,, 392, 392, 80,, 387.2503161430359,, network, relaxation,, 1031,,,854,177
dnn_MNIST_800-800_7.500000000000001e-05_0002, None, , 442, 442, 117,, 377, 377, 87,, 378.1661124229431,, network, relaxation,, 1039,,,834,205
dnn_MNIST_800-800_7.500000000000001e-05_0003, None, , 416, 416, 115,, 383, 383, 84,, 909.9521481990814,, network, relaxation,, 1024,,,824,200
dnn_MNIST_800-800_7.500000000000001e-05_0004, None, , 433, 433, 113,, 378, 378, 82,, 1748.9437189102173,, network, relaxation,, 1028,,,833,195
dnn_MNIST_800-800_7.500000000000001e-05_0005, None, , 429, 429, 95,, 359, 359, 92,, 360.4495494365692,, network, relaxation,, 1000,,,813,187
dnn_MNIST_800-800_0.0001_0001, None, , 563, 563, 134,, 485, 485, 108,, 210.99265265464783,, network, relaxation,, 1300,,,1058,242
dnn_MNIST_800-800_0.0001_0002, None, , 557, 557, 139,, 473, 473, 107,, 261.3488335609436,, network, relaxation,, 1290,,,1044,246
dnn_MNIST_800-800_0.0001_0003, None, , 550, 550, 151,, 462, 462, 127,, 509.82928371429443,, network, relaxation,, 1303,,,1024,279
dnn_MNIST_800-800_0.0001_0004, None, , 544, 544, 146,, 468, 468, 110,, 109.34169745445251,, network, relaxation,, 1279,,,1023,256
dnn_MNIST_800-800_0.0001_0005, None, , 553, 553, 135,, 474, 474, 116,, 100.73137974739075,, network, relaxation,, 1286,,,1034,252
dnn_MNIST_800-800_0.000125_0001, None, , 589, 589, 144,, 510, 510, 134,, 35.21882367134094,, network, relaxation,, 1381,,,1103,278
dnn_MNIST_800-800_0.000125_0002, None, , 584, 584, 150,, 505, 505, 131,, 34.123783111572266,, network, relaxation,, 1374,,,1093,281
dnn_MNIST_800-800_0.000125_0003, None, , 578, 578, 148,, 530, 530, 116,, 35.924118518829346,, network, relaxation,, 1380,,,1116,264
dnn_MNIST_800-800_0.000125_0004, None, , 582, 582, 142,, 514, 514, 134,, 37.391117572784424,, network, relaxation,, 1376,,,1099,277
dnn_MNIST_800-800_0.000125_0005, None, , 581, 581, 140,, 524, 524, 108,, 3854.829765558243,, network, relaxation,, 1369,,,1121,248
dnn_MNIST_800-800_0.00015000000000000001_0001, None, , 610, 610, 132,, 533, 533, 152,, 36.392648458480835,, network, relaxation,, 1435,,,1149,286
dnn_MNIST_800-800_0.00015000000000000001_0002, None, , 601, 601, 134,, 570, 570, 129,, 47.322877645492554,, network, relaxation,, 1439,,,1176,263
dnn_MNIST_800-800_0.00015000000000000001_0003, None, , 594, 594, 147,, 547, 547, 141,, 85.51601505279541,, network, relaxation,, 1439,,,1151,288
dnn_MNIST_800-800_0.00015000000000000001_0004, None, , 613, 613, 132,, 526, 526, 143,, 44.18683409690857,, network, relaxation,, 1418,,,1143,275
dnn_MNIST_800-800_0.00015000000000000001_0005, None, , 601, 601, 136,, 544, 544, 135,, 48.80557084083557,, network, relaxation,, 1425,,,1154,271
dnn_MNIST_800-800_0.000175_0001, None, , 626, 626, 126,, 563, 563, 150,, 30.692199230194092,, network, relaxation,, 1466,,,1190,276
dnn_MNIST_800-800_0.000175_0002, None, , 610, 610, 137,, 590, 590, 132,, 87.5510618686676,, network, relaxation,, 1474,,,1205,269
dnn_MNIST_800-800_0.000175_0003, None, , 613, 613, 134,, 609, 609, 109,, 68.38244795799255,, network, relaxation,, 1468,,,1225,243
dnn_MNIST_800-800_0.000175_0004, None, , 630, 630, 121,, 567, 567, 134,, 48.43863582611084,, network, relaxation,, 1456,,,1201,255
dnn_MNIST_800-800_0.000175_0005, None, , 611, 611, 137,, 577, 577, 139,, 30.43636131286621,, network, relaxation,, 1468,,,1192,276
dnn_MNIST_800-800_0.0002_0001, None, , 624, 624, 122,, 589, 589, 141,, 37.109447956085205,, network, relaxation,, 1479,,,1215,264
dnn_MNIST_800-800_0.0002_0002, None, , 631, 631, 125,, 561, 561, 161,, 43.95316791534424,, network, relaxation,, 1480,,,1194,286
dnn_MNIST_800-800_0.0002_0003, None, , 615, 615, 142,, 614, 614, 118,, 51.20079731941223,, network, relaxation,, 1498,,,1238,260
dnn_MNIST_800-800_0.0002_0004, None, , 616, 616, 142,, 593, 593, 123,, 54.54925608634949,, network, relaxation,, 1480,,,1215,265
dnn_MNIST_800-800_0.0002_0005, None, , 624, 624, 131,, 583, 583, 134,, 44.408942222595215,, network, relaxation,, 1479,,,1214,265
dnn_MNIST_100-100-100_0.0_0001, None, , 0, 0, 0,, 0, 0, 0,, 0, 0, 0,, 3.931905746459961,, network, relaxation,, 0,,,0,0
dnn_MNIST_100-100-100_0.0_0002, None, , 0, 0, 0,, 0, 0, 0,, 0, 0, 0,, 3.354684352874756,, network, relaxation,, 0,,,0,0
dnn_MNIST_100-100-100_0.0_0003, None, , 0, 0, 0,, 0, 0, 0,, 0, 0, 0,, 3.293191909790039,, network, relaxation,, 0,,,0,0
dnn_MNIST_100-100-100_0.0_0004, None, , 0, 0, 0,, 0, 0, 0,, 0, 0, 0,, 3.2052743434906006,, network, relaxation,, 0,,,0,0
dnn_MNIST_100-100-100_0.0_0005, None, , 0, 0, 0,, 0, 0, 0,, 0, 0, 0,, 7.818476915359497,, network, relaxation,, 0,,,0,0
dnn_MNIST_100-100-100_2.5e-05_0001, None, , 0, 0, 0,, 0, 0, 0,, 0, 0, 0,, 3.9813411235809326,, network, relaxation,, 0,,,0,0
dnn_MNIST_100-100-100_2.5e-05_0002, None, , 0, 0, 0,, 0, 0, 0,, 0, 0, 0,, 13.07140040397644,, network, relaxation,, 1,,,0,1
dnn_MNIST_100-100-100_2.5e-05_0003, None, , 0, 0, 0,, 0, 0, 0,, 0, 0, 0,, 3.9063050746917725,, network, relaxation,, 0,,,0,0
dnn_MNIST_100-100-100_2.5e-05_0004, None, , 0, 0, 0,, 0, 0, 0,, 0, 0, 0,, 8.022389888763428,, network, relaxation,, 1,,,0,1
dnn_MNIST_100-100-100_2.5e-05_0005, None, , 0, 0, 0,, 0, 0, 0,, 0, 0, 0,, 4.518245220184326,, network, relaxation,, 1,,,0,1
dnn_MNIST_100-100-100_5e-05_0001, None, , 0, 0, 0,, 0, 0, 0,, 0, 0, 0,, 34.55895662307739,, network, relaxation,, 1,,,0,1
dnn_MNIST_100-100-100_5e-05_0002, None, , 0, 0, 0,, 0, 0, 0,, 0, 0, 0,, 4.905144929885864,, network, relaxation,, 1,,,0,1
dnn_MNIST_100-100-100_5e-05_0003, None, , 0, 0, 2,, 0, 0, 0,, 0, 0, 0,, 8.521696090698242,, network, relaxation,, 5,,,0,5
dnn_MNIST_100-100-100_5e-05_0004, None, , 0, 0, 0,, 0, 0, 0,, 0, 0, 0,, 12.99596381187439,, network, relaxation,, 2,,,0,2
dnn_MNIST_100-100-100_5e-05_0005, None, , 0, 0, 0,, 0, 0, 0,, 0, 0, 0,, 4.104365110397339,, network, relaxation,, 1,,,0,1
dnn_MNIST_100-100-100_7.500000000000001e-05_0001, None, , 3, 3, 2,, 0, 0, 0,, 0, 0, 0,, 4.509713649749756,, network, relaxation,, 6,,,3,3
dnn_MNIST_100-100-100_7.500000000000001e-05_0002, None, , 0, 0, 6,, 0, 0, 0,, 0, 0, 0,, 3.5159974098205566,, network, relaxation,, 6,,,0,6
dnn_MNIST_100-100-100_7.500000000000001e-05_0003, None, , 1, 1, 6,, 0, 0, 0,, 0, 0, 0,, 11.513975858688354,, network, relaxation,, 11,,,1,10
dnn_MNIST_100-100-100_7.500000000000001e-05_0004, None, , 0, 0, 3,, 0, 0, 0,, 0, 0, 0,, 6.368633985519409,, network, relaxation,, 6,,,0,6
dnn_MNIST_100-100-100_7.500000000000001e-05_0005, None, , 1, 1, 2,, 0, 0, 0,, 0, 0, 0,, 6.484149932861328,, network, relaxation,, 4,,,1,3
dnn_MNIST_100-100-100_0.0001_0001, None, , 5, 5, 9,, 0, 0, 1,, 0, 0, 1,, 13.645991086959839,, network, relaxation,, 23,,,8,15
dnn_MNIST_100-100-100_0.0001_0002, None, , 5, 5, 4,, 1, 1, 2,, 0, 0, 1,, 4.568613529205322,, network, relaxation,, 14,,,6,8
dnn_MNIST_100-100-100_0.0001_0003, None, , 5, 5, 4,, 0, 0, 0,, 0, 0, 0,, 33.722153425216675,, network, relaxation,, 11,,,7,4
dnn_MNIST_100-100-100_0.0001_0004, None, , 3, 3, 8,, 0, 0, 0,, 1, 1, 1,, 5.088234186172485,, network, relaxation,, 13,,,4,9
dnn_MNIST_100-100-100_0.0001_0005, None, , 1, 1, 9,, 0, 0, 0,, 0, 0, 1,, 3.7417376041412354,, network, relaxation,, 11,,,1,10
dnn_MNIST_100-100-100_0.000125_0001, None, , 10, 10, 10,, 5, 5, 2,, 4, 4, 6,, 29.66362452507019,, network, relaxation,, 42,,,24,18
dnn_MNIST_100-100-100_0.000125_0002, None, , 11, 11, 11,, 6, 6, 1,, 4, 4, 2,, 42.200722455978394,, network, relaxation,, 43,,,26,17
dnn_MNIST_100-100-100_0.000125_0003, None, , 9, 9, 11,, 4, 4, 7,, 2, 2, 7,, 53.82071399688721,, network, relaxation,, 45,,,20,25
dnn_MNIST_100-100-100_0.000125_0004, None, , 8, 8, 11,, 4, 4, 3,, 4, 4, 6,, 93.41394090652466,, network, relaxation,, 42,,,20,22
dnn_MNIST_100-100-100_0.000125_0005, None, , -, -, -,, -, -, -,, -, -, -,, 11366.674745321274,, network, relaxation,, 38,,,18,20
dnn_MNIST_100-100-100_0.00015000000000000001_0001, None, , 16, 16, 15,, 18, 18, 4,, 18, 18, 10,, 5.243160247802734,, network, relaxation,, 87,,,58,29
dnn_MNIST_100-100-100_0.00015000000000000001_0002, None, , 8, 8, 17,, 14, 14, 15,, 13, 13, 8,, 488.1478548049927,, network, relaxation,, 79,,,38,41
dnn_MNIST_100-100-100_0.00015000000000000001_0003, None, , 18, 18, 13,, 18, 18, 10,, 13, 13, 14,, 5.6307213306427,, network, relaxation,, 92,,,55,37
dnn_MNIST_100-100-100_0.00015000000000000001_0004, None, , 19, 19, 13,, 14, 14, 10,, 17, 17, 8,, 434.5374085903168,, network, relaxation,, 89,,,58,31
dnn_MNIST_100-100-100_0.00015000000000000001_0005, None, , 18, 18, 11,, 10, 10, 10,, 12, 12, 10,, 7.021462917327881,, network, relaxation,, 76,,,45,31
dnn_MNIST_100-100-100_0.000175_0001, None, , 27, 27, 14,, 35, 35, 9,, 20, 20, 13,, 30.746625423431396,, network, relaxation,, 123,,,87,36
dnn_MNIST_100-100-100_0.000175_0002, None, , 14, 14, 16,, 33, 33, 7,, 34, 34, 8,, 87.26922059059143,, network, relaxation,, 121,,,90,31
dnn_MNIST_100-100-100_0.000175_0003, None, , 15, 15, 23,, 32, 32, 7,, 31, 31, 10,, 58.30973434448242,, network, relaxation,, 123,,,82,41
dnn_MNIST_100-100-100_0.000175_0004, None, , 18, 18, 21,, 31, 31, 7,, 30, 30, 4,, 63.91122269630432,, network, relaxation,, 118,,,86,32
dnn_MNIST_100-100-100_0.000175_0005, None, , 19, 19, 17,, 27, 27, 9,, 18, 18, 15,, 90.61392021179199,, network, relaxation,, 113,,,72,41
dnn_MNIST_100-100-100_0.0002_0001, None, , 17, 17, 27,, 35, 35, 12,, 30, 30, 15,, 15.39124846458435,, network, relaxation,, 141,,,87,54
dnn_MNIST_100-100-100_0.0002_0002, None, , 20, 20, 23,, 42, 42, 7,, 24, 24, 17,, 18.837646484375,, network, relaxation,, 136,,,89,47
dnn_MNIST_100-100-100_0.0002_0003, None, , 20, 20, 23,, 36, 36, 16,, 33, 33, 11,, 94.50848722457886,, network, relaxation,, 146,,,96,50
dnn_MNIST_100-100-100_0.0002_0004, None, , 17, 17, 26,, 35, 35, 16,, 23, 23, 15,, 7.990036487579346,, network, relaxation,, 136,,,78,58
dnn_MNIST_100-100-100_0.0002_0005, None, , 17, 17, 23,, 32, 32, 18,, 32, 32, 17,, 10.265339374542236,, network, relaxation,, 141,,,83,58
dnn_MNIST_100-100-100-100_0.0_0001, None, , 0, 0, 0,, 0, 0, 0,, 0, 0, 0,, 0, 0, 0,, 4.202821731567383,, network, relaxation,, 0,,,0,0
dnn_MNIST_100-100-100-100_0.0_0002, None, , 0, 0, 0,, 0, 0, 0,, 0, 0, 0,, 0, 0, 0,, 3.6532015800476074,, network, relaxation,, 0,,,0,0
dnn_MNIST_100-100-100-100_0.0_0003, None, , 0, 0, 0,, 0, 0, 0,, 0, 0, 0,, 0, 0, 0,, 4.0574259757995605,, network, relaxation,, 0,,,0,0
dnn_MNIST_100-100-100-100_0.0_0004, None, , 0, 0, 0,, 0, 0, 0,, 0, 0, 0,, 0, 0, 0,, 3.8588180541992188,, network, relaxation,, 0,,,0,0
dnn_MNIST_100-100-100-100_0.0_0005, None, , 0, 0, 0,, 0, 0, 0,, 0, 0, 0,, 0, 0, 0,, 3.909705877304077,, network, relaxation,, 0,,,0,0
dnn_MNIST_100-100-100-100_2.5e-05_0001, None, , 0, 0, 0,, 0, 0, 0,, 0, 0, 0,, 0, 0, 0,, 6.011868953704834,, network, relaxation,, 1,,,0,1
dnn_MNIST_100-100-100-100_2.5e-05_0002, None, , 0, 0, 0,, 0, 0, 0,, 0, 0, 0,, 0, 0, 0,, 69.93943667411804,, network, relaxation,, 3,,,0,3
dnn_MNIST_100-100-100-100_2.5e-05_0003, None, , 0, 0, 0,, 0, 0, 0,, 0, 0, 0,, 0, 0, 0,, 28.328771114349365,, network, relaxation,, 1,,,0,1
dnn_MNIST_100-100-100-100_2.5e-05_0004, None, , 0, 0, 0,, 0, 0, 0,, 0, 0, 0,, 0, 0, 0,, 434.65176010131836,, network, relaxation,, 2,,,0,2
dnn_MNIST_100-100-100-100_2.5e-05_0005, None, , 0, 0, 0,, 0, 0, 0,, 0, 0, 0,, 0, 0, 0,, 12.824878454208374,, network, relaxation,, 1,,,0,1
dnn_MNIST_100-100-100-100_5e-05_0001, None, , 0, 0, 1,, 0, 0, 0,, 0, 0, 0,, 0, 0, 0,, 124.42460989952087,, network, relaxation,, 3,,,0,3
dnn_MNIST_100-100-100-100_5e-05_0002, None, , -, -, -,, -, -, -,, -, -, -,, -, -, -,, 11002.378958940506,, network, relaxation,, 5,,,1,4
dnn_MNIST_100-100-100-100_5e-05_0003, None, , 0, 0, 0,, 0, 0, 0,, 0, 0, 0,, 0, 0, 0,, 291.7753269672394,, network, relaxation,, 4,,,0,4
dnn_MNIST_100-100-100-100_5e-05_0004, None, , 0, 0, 0,, 0, 0, 0,, 0, 0, 0,, 0, 0, 0,, 16.30164098739624,, network, relaxation,, 1,,,0,1
dnn_MNIST_100-100-100-100_5e-05_0005, None, , 0, 0, 0,, 0, 0, 0,, 0, 0, 0,, 0, 0, 0,, 4.733354568481445,, network, relaxation,, 3,,,1,2
dnn_MNIST_100-100-100-100_7.500000000000001e-05_0001, None, , 0, 0, 5,, 0, 0, 0,, 0, 0, 0,, 0, 0, 0,, 109.51542806625366,, network, relaxation,, 11,,,1,10
dnn_MNIST_100-100-100-100_7.500000000000001e-05_0002, None, , -, -, -,, -, -, -,, -, -, -,, -, -, -,, 11354.124762296677,, network, relaxation,, 13,,,3,10
dnn_MNIST_100-100-100-100_7.500000000000001e-05_0003, None, , 1, 1, 6,, 0, 0, 0,, 0, 0, 0,, 0, 0, 0,, 155.8140468597412,, network, relaxation,, 9,,,3,6
dnn_MNIST_100-100-100-100_7.500000000000001e-05_0004, None, , 0, 0, 3,, 0, 0, 0,, 0, 0, 0,, 0, 0, 0,, 290.84253215789795,, network, relaxation,, 5,,,0,5
dnn_MNIST_100-100-100-100_7.500000000000001e-05_0005, None, , 1, 1, 4,, 0, 0, 0,, 0, 0, 0,, 0, 0, 0,, 151.09602212905884,, network, relaxation,, 10,,,3,7
dnn_MNIST_100-100-100-100_0.0001_0001, None, , 1, 1, 6,, 0, 0, 2,, 0, 0, 0,, 0, 0, 1,, 1950.7908408641815,, network, relaxation,, 14,,,1,13
dnn_MNIST_100-100-100-100_0.0001_0002, None, , 0, 0, 8,, 0, 0, 0,, 0, 0, 1,, 0, 0, 0,, 1998.1376519203186,, network, relaxation,, 14,,,4,10
dnn_MNIST_100-100-100-100_0.0001_0003, None, , -, -, -,, -, -, -,, -, -, -,, -, -, -,, 12357.537530183792,, network, relaxation,, 24,,,11,13
dnn_MNIST_100-100-100-100_0.0001_0004, None, , 4, 4, 9,, 0, 0, 0,, 0, 0, 2,, 0, 0, 1,, 2217.531494617462,, network, relaxation,, 26,,,8,18
dnn_MNIST_100-100-100-100_0.0001_0005, None, , 2, 2, 11,, 0, 0, 2,, 0, 0, 1,, 0, 0, 1,, 12.9803946018219,, network, relaxation,, 19,,,4,15
dnn_MNIST_100-100-100-100_0.000125_0001, None, , -, -, -,, -, -, -,, -, -, -,, -, -, -,, 10847.05617570877,, network, relaxation,, 59,,,26,33
dnn_MNIST_100-100-100-100_0.000125_0002, None, , -, -, -,, -, -, -,, -, -, -,, -, -, -,, 10804.749935626984,, network, relaxation,, 57,,,29,28
dnn_MNIST_100-100-100-100_0.000125_0003, None, , -, -, -,, -, -, -,, -, -, -,, -, -, -,, 10831.671077728271,, network, relaxation,, 54,,,31,23
dnn_MNIST_100-100-100-100_0.000125_0004, None, , -, -, -,, -, -, -,, -, -, -,, -, -, -,, 10994.343723773956,, network, relaxation,, 45,,,25,20
dnn_MNIST_100-100-100-100_0.000125_0005, None, , -, -, -,, -, -, -,, -, -, -,, -, -, -,, 11669.302815914154,, network, relaxation,, 63,,,35,28
dnn_MNIST_100-100-100-100_0.00015000000000000001_0001, None, , -, -, -,, -, -, -,, -, -, -,, -, -, -,, 10890.860444068909,, network, relaxation,, 124,,,66,58
dnn_MNIST_100-100-100-100_0.00015000000000000001_0002, None, , 9, 9, 17,, 8, 8, 12,, 26, 26, 8,, 18, 18, 11,, 243.98942351341248,, network, relaxation,, 116,,,68,48
dnn_MNIST_100-100-100-100_0.00015000000000000001_0003, None, , 8, 8, 14,, 17, 17, 15,, 22, 22, 7,, 21, 21, 16,, 7575.38605093956,, network, relaxation,, 135,,,83,52
dnn_MNIST_100-100-100-100_0.00015000000000000001_0004, None, , -, -, -,, -, -, -,, -, -, -,, -, -, -,, 10817.573833227158,, network, relaxation,, 135,,,83,52
dnn_MNIST_100-100-100-100_0.00015000000000000001_0005, None, , 11, 11, 12,, 12, 12, 8,, 18, 18, 8,, 18, 18, 7,, 5717.499267816544,, network, relaxation,, 107,,,72,35
dnn_MNIST_100-100-100-100_0.000175_0001, None, , 16, 16, 18,, 24, 24, 10,, 38, 38, 10,, 33, 33, 16,, 551.0292203426361,, network, relaxation,, 179,,,125,54
dnn_MNIST_100-100-100-100_0.000175_0002, None, , 12, 12, 20,, 24, 24, 13,, 34, 34, 12,, 27, 27, 14,, 554.3207900524139,, network, relaxation,, 170,,,111,59
dnn_MNIST_100-100-100-100_0.000175_0003, None, , 11, 11, 27,, 24, 24, 9,, 39, 39, 8,, 26, 26, 9,, 73.23138236999512,, network, relaxation,, 160,,,107,53
dnn_MNIST_100-100-100-100_0.000175_0004, None, , 12, 12, 21,, 25, 25, 15,, 38, 38, 14,, 27, 27, 13,, 1036.0824136734009,, network, relaxation,, 173,,,110,63
dnn_MNIST_100-100-100-100_0.000175_0005, None, , 11, 11, 17,, 25, 25, 9,, 39, 39, 11,, 25, 25, 16,, 35.38282084465027,, network, relaxation,, 159,,,106,53
dnn_MNIST_100-100-100-100_0.0002_0001, None, , -, -, -,, -, -, -,, -, -, -,, -, -, -,, 10832.185678482056,, network, relaxation,, 192,,,130,62
dnn_MNIST_100-100-100-100_0.0002_0002, None, , 18, 18, 19,, 32, 32, 13,, 44, 44, 13,, 37, 37, 12,, 110.612553358078,, network, relaxation,, 196,,,138,58
dnn_MNIST_100-100-100-100_0.0002_0003, None, , 11, 11, 32,, 26, 26, 16,, 48, 48, 15,, 30, 30, 14,, 104.92863035202026,, network, relaxation,, 199,,,122,77
dnn_MNIST_100-100-100-100_0.0002_0004, None, , 8, 8, 28,, 31, 31, 15,, 42, 42, 16,, 36, 36, 14,, 267.0956461429596,, network, relaxation,, 194,,,121,73
dnn_MNIST_100-100-100-100_0.0002_0005, None, , 15, 15, 24,, 33, 33, 14,, 40, 40, 12,, 29, 29, 21,, 223.49678802490234,, network, relaxation,, 199,,,128,71
dnn_MNIST_100-100-100-100-100_0.0_0001, None, , 0, 0, 0,, 0, 0, 0,, 0, 0, 0,, 0, 0, 0,, 0, 0, 0,, 3429.8717229366302,, network, relaxation,, 1,,,0,1
dnn_MNIST_100-100-100-100-100_0.0_0002, None, , 0, 0, 0,, 0, 0, 0,, 0, 0, 0,, 0, 0, 0,, 0, 0, 0,, 351.1102738380432,, network, relaxation,, 2,,,0,2
dnn_MNIST_100-100-100-100-100_0.0_0003, None, , 0, 0, 0,, 0, 0, 0,, 0, 0, 0,, 0, 0, 0,, 0, 0, 0,, 3285.9891636371613,, network, relaxation,, 1,,,0,1
dnn_MNIST_100-100-100-100-100_0.0_0004, None, , 0, 0, 0,, 0, 0, 0,, 0, 0, 0,, 0, 0, 0,, 0, 0, 0,, 4.625791549682617,, network, relaxation,, 0,,,0,0
dnn_MNIST_100-100-100-100-100_0.0_0005, None, , 0, 0, 0,, 0, 0, 0,, 0, 0, 0,, 0, 0, 0,, 0, 0, 0,, 178.54498958587646,, network, relaxation,, 1,,,0,1
dnn_MNIST_100-100-100-100-100_2.5e-05_0001, None, , 0, 0, 0,, 0, 0, 0,, 0, 0, 0,, 0, 0, 0,, 0, 0, 0,, 8475.169788122177,, network, relaxation,, 5,,,0,5
dnn_MNIST_100-100-100-100-100_2.5e-05_0002, None, , 0, 0, 0,, 0, 0, 0,, 0, 0, 0,, 0, 0, 0,, 0, 0, 0,, 1836.8545229434967,, network, relaxation,, 2,,,0,2
dnn_MNIST_100-100-100-100-100_2.5e-05_0003, None, , 0, 0, 0,, 0, 0, 0,, 0, 0, 0,, 0, 0, 0,, 0, 0, 0,, 3927.352700471878,, network, relaxation,, 6,,,0,6
dnn_MNIST_100-100-100-100-100_2.5e-05_0004, None, , -, -, -,, -, -, -,, -, -, -,, -, -, -,, -, -, -,, 10820.380553722382,, network, relaxation,, 5,,,0,5
dnn_MNIST_100-100-100-100-100_2.5e-05_0005, None, , 0, 0, 0,, 0, 0, 0,, 0, 0, 0,, 0, 0, 0,, 0, 0, 0,, 346.3790080547333,, network, relaxation,, 1,,,0,1
dnn_MNIST_100-100-100-100-100_5e-05_0001, None, , -, -, -,, -, -, -,, -, -, -,, -, -, -,, -, -, -,, 10800.740281105042,, network, relaxation,, 6,,,0,6
dnn_MNIST_100-100-100-100-100_5e-05_0002, None, , -, -, -,, -, -, -,, -, -, -,, -, -, -,, -, -, -,, 10833.555340528488,, network, relaxation,, 9,,,0,9
dnn_MNIST_100-100-100-100-100_5e-05_0003, None, , -, -, -,, -, -, -,, -, -, -,, -, -, -,, -, -, -,, 10865.40349650383,, network, relaxation,, 5,,,0,5
dnn_MNIST_100-100-100-100-100_5e-05_0004, None, , -, -, -,, -, -, -,, -, -, -,, -, -, -,, -, -, -,, 10849.200453042984,, network, relaxation,, 7,,,1,6
dnn_MNIST_100-100-100-100-100_5e-05_0005, None, , -, -, -,, -, -, -,, -, -, -,, -, -, -,, -, -, -,, 10952.098617553711,, network, relaxation,, 6,,,0,6
dnn_MNIST_100-100-100-100-100_7.500000000000001e-05_0001, None, , -, -, -,, -, -, -,, -, -, -,, -, -, -,, -, -, -,, 10871.7610809803,, network, relaxation,, 7,,,0,7
dnn_MNIST_100-100-100-100-100_7.500000000000001e-05_0002, None, , -, -, -,, -, -, -,, -, -, -,, -, -, -,, -, -, -,, 10877.04885315895,, network, relaxation,, 11,,,1,10
dnn_MNIST_100-100-100-100-100_7.500000000000001e-05_0003, None, , -, -, -,, -, -, -,, -, -, -,, -, -, -,, -, -, -,, 10909.9302983284,, network, relaxation,, 12,,,2,10
dnn_MNIST_100-100-100-100-100_7.500000000000001e-05_0004, None, , -, -, -,, -, -, -,, -, -, -,, -, -, -,, -, -, -,, 10945.59067606926,, network, relaxation,, 17,,,2,15
dnn_MNIST_100-100-100-100-100_7.500000000000001e-05_0005, None, , -, -, -,, -, -, -,, -, -, -,, -, -, -,, -, -, -,, 10820.466871976852,, network, relaxation,, 10,,,3,7
dnn_MNIST_100-100-100-100-100_0.0001_0001, None, , -, -, -,, -, -, -,, -, -, -,, -, -, -,, -, -, -,, 10815.76032447815,, network, relaxation,, 30,,,9,21
dnn_MNIST_100-100-100-100-100_0.0001_0002, None, , -, -, -,, -, -, -,, -, -, -,, -, -, -,, -, -, -,, 10809.407752513885,, network, relaxation,, 32,,,12,20
dnn_MNIST_100-100-100-100-100_0.0001_0003, None, , -, -, -,, -, -, -,, -, -, -,, -, -, -,, -, -, -,, 10822.131365060806,, network, relaxation,, 25,,,9,16
dnn_MNIST_100-100-100-100-100_0.0001_0004, None, , -, -, -,, -, -, -,, -, -, -,, -, -, -,, -, -, -,, 10881.171142101288,, network, relaxation,, 18,,,5,13
dnn_MNIST_100-100-100-100-100_0.0001_0005, None, , -, -, -,, -, -, -,, -, -, -,, -, -, -,, -, -, -,, 10874.540230751038,, network, relaxation,, 36,,,17,19
dnn_MNIST_100-100-100-100-100_0.000125_0001, None, , -, -, -,, -, -, -,, -, -, -,, -, -, -,, -, -, -,, 10890.0945789814,, network, relaxation,, 64,,,29,35
dnn_MNIST_100-100-100-100-100_0.000125_0002, None, , -, -, -,, -, -, -,, -, -, -,, -, -, -,, -, -, -,, 10816.763121843338,, network, relaxation,, 78,,,44,34
dnn_MNIST_100-100-100-100-100_0.000125_0003, None, , -, -, -,, -, -, -,, -, -, -,, -, -, -,, -, -, -,, 10872.702961206436,, network, relaxation,, 71,,,39,32
dnn_MNIST_100-100-100-100-100_0.000125_0004, None, , -, -, -,, -, -, -,, -, -, -,, -, -, -,, -, -, -,, 12637.039495229721,, network, relaxation,, 83,,,40,43
dnn_MNIST_100-100-100-100-100_0.000125_0005, None, , -, -, -,, -, -, -,, -, -, -,, -, -, -,, -, -, -,, 10867.965539216995,, network, relaxation,, 83,,,42,41
dnn_MNIST_100-100-100-100-100_0.00015000000000000001_0001, None, , -, -, -,, -, -, -,, -, -, -,, -, -, -,, -, -, -,, 11327.07701921463,, network, relaxation,, 148,,,94,54
dnn_MNIST_100-100-100-100-100_0.00015000000000000001_0002, None, , -, -, -,, -, -, -,, -, -, -,, -, -, -,, -, -, -,, 11615.166925430298,, network, relaxation,, 140,,,95,45
dnn_MNIST_100-100-100-100-100_0.00015000000000000001_0003, None, , -, -, -,, -, -, -,, -, -, -,, -, -, -,, -, -, -,, 12317.466720342636,, network, relaxation,, 150,,,94,56
dnn_MNIST_100-100-100-100-100_0.00015000000000000001_0004, None, , -, -, -,, -, -, -,, -, -, -,, -, -, -,, -, -, -,, 10908.016398906708,, network, relaxation,, 175,,,118,57
dnn_MNIST_100-100-100-100-100_0.00015000000000000001_0005, None, , -, -, -,, -, -, -,, -, -, -,, -, -, -,, -, -, -,, 11617.913343429565,, network, relaxation,, 168,,,106,62
dnn_MNIST_100-100-100-100-100_0.000175_0001, None, , -, -, -,, -, -, -,, -, -, -,, -, -, -,, -, -, -,, 10819.906643152237,, network, relaxation,, 223,,,137,86
dnn_MNIST_100-100-100-100-100_0.000175_0002, None, , 9, 9, 23,, 15, 15, 13,, 25, 25, 15,, 45, 45, 10,, 32, 32, 12,, 7936.309336423874,, network, relaxation,, 209,,,136,73
dnn_MNIST_100-100-100-100-100_0.000175_0003, None, , -, -, -,, -, -, -,, -, -, -,, -, -, -,, -, -, -,, 10889.980583906174,, network, relaxation,, 231,,,150,81
dnn_MNIST_100-100-100-100-100_0.000175_0004, None, , -, -, -,, -, -, -,, -, -, -,, -, -, -,, -, -, -,, 10876.607215166092,, network, relaxation,, 226,,,144,82
dnn_MNIST_100-100-100-100-100_0.000175_0005, None, , 14, 14, 19,, 21, 21, 14,, 36, 36, 14,, 35, 35, 15,, 31, 31, 16,, 8191.963628530502,, network, relaxation,, 232,,,152,80
dnn_MNIST_100-100-100-100-100_0.0002_0001, None, , -, -, -,, -, -, -,, -, -, -,, -, -, -,, -, -, -,, 10853.408425569534,, network, relaxation,, 268,,,170,98
dnn_MNIST_100-100-100-100-100_0.0002_0002, None, , 20, 20, 19,, 26, 26, 16,, 42, 42, 18,, 49, 49, 13,, 28, 28, 16,, 457.1371262073517,, network, relaxation,, 257,,,175,82
dnn_MNIST_100-100-100-100-100_0.0002_0003, None, , -, -, -,, -, -, -,, -, -, -,, -, -, -,, -, -, -,, 10815.996053934097,, network, relaxation,, 273,,,186,87
dnn_MNIST_100-100-100-100-100_0.0002_0004, None, , -, -, -,, -, -, -,, -, -, -,, -, -, -,, -, -, -,, 10820.18894290924,, network, relaxation,, 270,,,178,92
dnn_MNIST_100-100-100-100-100_0.0002_0005, None, , -, -, -,, -, -, -,, -, -, -,, -, -, -,, -, -, -,, 10800.489478588104,, network, relaxation,, 252,,,159,93
