
dnn_CIFAR100-rgb_100-100_0.0_0001, 24.969999313354492, , 0, 0, 0,, 0, 0, 0,, 1528.0701587200165,, neuron, off,, 17,,,0,17
dnn_CIFAR100-rgb_100-100_0.0_0002, 24.90999984741211, , 0, 0, 0,, 0, 0, 0,, 1532.7520139217377,, neuron, off,, 10,,,0,10
dnn_CIFAR100-rgb_100-100_0.0_0003, 25.309999465942383, , 0, 0, 0,, 0, 0, 0,, 1432.5823953151703,, neuron, off,, 13,,,0,13
dnn_CIFAR100-rgb_100-100_0.0_0004, 25.44999885559082, , 0, 0, 0,, 0, 0, 0,, 1429.18110537529,, neuron, off,, 9,,,0,9
dnn_CIFAR100-rgb_100-100_0.0_0005, 25.19999885559082, , 0, 0, 0,, 0, 0, 0,, 1468.3178579807281,, neuron, off,, 8,,,0,8
dnn_CIFAR100-rgb_100-100_2.5e-05_0001, 24.439998626708984, , 0, 0, 0,, 0, 0, 0,, 3191.96262383461,, neuron, off,, 0,,,0,0
dnn_CIFAR100-rgb_100-100_2.5e-05_0002, 25.18000030517578, , 0, 0, 0,, 0, 0, 0,, 2259.048684835434,, neuron, off,, 4,,,0,4
dnn_CIFAR100-rgb_100-100_2.5e-05_0003, 24.600000381469727, , 0, 0, 0,, 0, 0, 0,, 2780.311600923538,, neuron, off,, 2,,,0,2
dnn_CIFAR100-rgb_100-100_2.5e-05_0004, 25.40999984741211, , 0, 0, 0,, 0, 0, 0,, 2411.036237478256,, neuron, off,, 1,,,0,1
dnn_CIFAR100-rgb_100-100_2.5e-05_0005, 25.18000030517578, , 0, 0, 0,, 0, 0, 0,, 2347.174238681793,, neuron, off,, 4,,,0,4
dnn_CIFAR100-rgb_100-100_5e-05_0001, 23.959999084472656, , 1, 1, 73,, 0, 0, 0,, 1601.3404910564423,, neuron, off,, 75,,,2,73
dnn_CIFAR100-rgb_100-100_5e-05_0002, 23.51999855041504, , 0, 0, 69,, 0, 0, 1,, 1955.211710691452,, neuron, off,, 71,,,1,70
dnn_CIFAR100-rgb_100-100_5e-05_0003, 23.729999542236328, , 1, 1, 69,, 0, 0, 0,, 1818.2320232391357,, neuron, off,, 72,,,3,69
dnn_CIFAR100-rgb_100-100_5e-05_0004, 23.260000228881836, , 0, 0, 81,, 0, 0, 2,, 1485.0540294647217,, neuron, off,, 84,,,0,84
dnn_CIFAR100-rgb_100-100_5e-05_0005, 25.0, , 4, 4, 64,, 0, 0, 0,, 1692.808776140213,, neuron, off,, 68,,,4,64
dnn_CIFAR100-rgb_100-100_7.500000000000001e-05_0001, 23.25, , 1, 1, 83,, 0, 0, 4,, 1253.0707120895386,, neuron, off,, 89,,,1,88
dnn_CIFAR100-rgb_100-100_7.500000000000001e-05_0002, 23.76999855041504, , 1, 1, 77,, 0, 0, 4,, 1351.8456017971039,, neuron, off,, 82,,,1,81
dnn_CIFAR100-rgb_100-100_7.500000000000001e-05_0003, 23.68000030517578, , 0, 0, 78,, 0, 0, 5,, 1305.1236753463745,, neuron, off,, 83,,,0,83
dnn_CIFAR100-rgb_100-100_7.500000000000001e-05_0004, 23.670000076293945, , 1, 1, 81,, 0, 0, 4,, 1277.7690227031708,, neuron, off,, 87,,,1,86
dnn_CIFAR100-rgb_100-100_7.500000000000001e-05_0005, 24.10999870300293, , 1, 1, 80,, 0, 0, 1,, 1266.401493549347,, neuron, off,, 82,,,1,81
dnn_CIFAR100-rgb_100-100_0.0001_0001, 23.959999084472656, , 2, 2, 79,, 0, 0, 6,, 1326.8992986679077,, neuron, off,, 87,,,2,85
dnn_CIFAR100-rgb_100-100_0.0001_0002, 23.829999923706055, , 4, 4, 76,, 0, 0, 5,, 1361.1800303459167,, neuron, off,, 85,,,4,81
dnn_CIFAR100-rgb_100-100_0.0001_0003, 22.889999389648438, , 3, 3, 82,, 0, 0, 5,, 1334.8459815979004,, neuron, off,, 90,,,3,87
dnn_CIFAR100-rgb_100-100_0.0001_0004, 23.010000228881836, , 2, 2, 79,, 0, 0, 4,, 1315.718531370163,, neuron, off,, 85,,,2,83
dnn_CIFAR100-rgb_100-100_0.0001_0005, 23.689998626708984, , 1, 1, 77,, 0, 0, 8,, 1397.3933656215668,, neuron, off,, 86,,,1,85
dnn_CIFAR100-rgb_100-100_0.000125_0001, 23.65999984741211, , 1, 1, 81,, 0, 0, 12,, 1315.078456878662,, neuron, off,, 94,,,1,93
dnn_CIFAR100-rgb_100-100_0.000125_0002, 23.09000015258789, , 0, 0, 83,, 0, 0, 14,, 1266.9266576766968,, neuron, off,, 97,,,0,97
dnn_CIFAR100-rgb_100-100_0.000125_0003, 20.479999542236328, , 6, 6, 84,, 0, 0, 9,, 1294.6857936382294,, neuron, off,, 99,,,6,93
dnn_CIFAR100-rgb_100-100_0.000125_0004, 22.81999969482422, , 1, 1, 84,, 0, 0, 9,, 1215.3031549453735,, neuron, off,, 94,,,1,93
dnn_CIFAR100-rgb_100-100_0.000125_0005, 20.600000381469727, , 1, 1, 88,, 0, 0, 4,, 1291.885193824768,, neuron, off,, 93,,,1,92
dnn_CIFAR100-rgb_100-100_0.00015000000000000001_0001, 22.760000228881836, , 2, 2, 82,, 0, 0, 6,, 1543.9623517990112,, neuron, off,, 90,,,2,88
dnn_CIFAR100-rgb_100-100_0.00015000000000000001_0002, 22.760000228881836, , 0, 0, 86,, 0, 0, 10,, 1356.4110932350159,, neuron, off,, 96,,,0,96
dnn_CIFAR100-rgb_100-100_0.00015000000000000001_0003, 22.639999389648438, , 0, 0, 87,, 0, 0, 13,, 1288.8177552223206,, neuron, off,, 100,,,0,100
dnn_CIFAR100-rgb_100-100_0.00015000000000000001_0004, 21.579999923706055, , 2, 2, 87,, 0, 0, 10,, 1321.4509677886963,, neuron, off,, 99,,,2,97
dnn_CIFAR100-rgb_100-100_0.00015000000000000001_0005, 19.53999900817871, , 1, 1, 90,, 0, 0, 14,, 1288.222307920456,, neuron, off,, 105,,,1,104
dnn_CIFAR100-rgb_100-100_0.000175_0001, 21.229999542236328, , 2, 2, 87,, 2, 2, 8,, 1221.0385839939117,, neuron, off,, 99,,,4,95
dnn_CIFAR100-rgb_100-100_0.000175_0002, 22.10999870300293, , 3, 3, 84,, 2, 2, 12,, 1284.253038406372,, neuron, off,, 101,,,5,96
dnn_CIFAR100-rgb_100-100_0.000175_0003, 20.989999771118164, , 3, 3, 86,, 2, 2, 10,, 1200.566948890686,, neuron, off,, 101,,,5,96
dnn_CIFAR100-rgb_100-100_0.000175_0004, 22.170000076293945, , 0, 0, 87,, 1, 1, 10,, 1175.0221915245056,, neuron, off,, 98,,,1,97
dnn_CIFAR100-rgb_100-100_0.000175_0005, 21.719999313354492, , 3, 3, 84,, 1, 1, 12,, 1213.6653771400452,, neuron, off,, 100,,,4,96
dnn_CIFAR100-rgb_100-100_0.0002_0001, 21.10999870300293, , 1, 1, 88,, 1, 1, 11,, 1202.1984651088715,, neuron, off,, 101,,,2,99
dnn_CIFAR100-rgb_100-100_0.0002_0002, 20.079999923706055, , 1, 1, 89,, 5, 5, 18,, 1069.3313002586365,, neuron, off,, 113,,,6,107
dnn_CIFAR100-rgb_100-100_0.0002_0003, 19.299999237060547, , 5, 5, 86,, 2, 2, 16,, 1167.9008905887604,, neuron, off,, 109,,,7,102
dnn_CIFAR100-rgb_100-100_0.0002_0004, 22.489999771118164, , 4, 4, 79,, 3, 3, 20,, 1267.2482824325562,, neuron, off,, 106,,,7,99
dnn_CIFAR100-rgb_100-100_0.0002_0005, 20.18000030517578, , 5, 5, 85,, 3, 3, 14,, 1149.0180022716522,, neuron, off,, 107,,,8,99
dnn_CIFAR100-rgb_100-100_0.00022500000000000002_0001, 20.850000381469727, , 4, 4, 85,, 5, 5, 14,, 1186.106086730957,, neuron, off,, 108,,,9,99
dnn_CIFAR100-rgb_100-100_0.00022500000000000002_0002, 20.8799991607666, , 6, 6, 83,, 3, 3, 13,, 1212.559443473816,, neuron, off,, 105,,,9,96
dnn_CIFAR100-rgb_100-100_0.00022500000000000002_0003, 21.829999923706055, , 1, 1, 84,, 4, 4, 21,, 1283.4349896907806,, neuron, off,, 110,,,5,105
dnn_CIFAR100-rgb_100-100_0.00022500000000000002_0004, 20.989999771118164, , 3, 3, 86,, 4, 4, 17,, 1204.4477262496948,, neuron, off,, 110,,,7,103
dnn_CIFAR100-rgb_100-100_0.00022500000000000002_0005, 21.529998779296875, , 2, 2, 85,, 3, 3, 19,, 1189.6014132499695,, neuron, off,, 109,,,5,104
dnn_CIFAR100-rgb_100-100_0.00025_0001, 22.059999465942383, , 7, 7, 79,, 4, 4, 11,, 1430.2156913280487,, neuron, off,, 101,,,11,90
dnn_CIFAR100-rgb_100-100_0.00025_0002, 22.079999923706055, , 5, 5, 80,, 2, 2, 18,, 1299.1941328048706,, neuron, off,, 105,,,7,98
dnn_CIFAR100-rgb_100-100_0.00025_0003, 18.10999870300293, , 2, 2, 90,, 3, 3, 16,, 1198.6357448101044,, neuron, off,, 111,,,5,106
dnn_CIFAR100-rgb_100-100_0.00025_0004, 22.459999084472656, , 4, 4, 78,, 5, 5, 28,, 1350.6053330898285,, neuron, off,, 115,,,9,106
dnn_CIFAR100-rgb_100-100_0.00025_0005, 21.139999389648438, , 3, 3, 84,, 5, 5, 20,, 1234.6311621665955,, neuron, off,, 113,,,8,105
dnn_CIFAR100-rgb_100-100_0.000275_0001, 20.020000457763672, , 7, 7, 82,, 4, 4, 20,, 1221.3753199577332,, neuron, off,, 113,,,11,102
dnn_CIFAR100-rgb_100-100_0.000275_0002, 20.619998931884766, , 6, 6, 82,, 1, 1, 28,, 1174.3525276184082,, neuron, off,, 117,,,7,110
dnn_CIFAR100-rgb_100-100_0.000275_0003, 20.1299991607666, , 3, 3, 86,, 7, 7, 23,, 1146.59556889534,, neuron, off,, 119,,,10,109
dnn_CIFAR100-rgb_100-100_0.000275_0004, 22.079999923706055, , 7, 7, 78,, 6, 6, 21,, 1280.376356124878,, neuron, off,, 112,,,13,99
dnn_CIFAR100-rgb_100-100_0.000275_0005, 20.5, , 9, 9, 80,, 6, 6, 21,, 1309.2942342758179,, neuron, off,, 116,,,15,101
dnn_CIFAR100-rgb_100-100_0.00030000000000000003_0001, 17.989999771118164, , 6, 6, 86,, 10, 10, 24,, 1227.1150751113892,, neuron, off,, 126,,,16,110
dnn_CIFAR100-rgb_100-100_0.00030000000000000003_0002, 21.079999923706055, , 5, 5, 83,, 4, 4, 25,, 1259.18523311615,, neuron, off,, 117,,,9,108
dnn_CIFAR100-rgb_100-100_0.00030000000000000003_0003, 19.770000457763672, , 10, 10, 80,, 7, 7, 25,, 1233.1063225269318,, neuron, off,, 122,,,17,105
dnn_CIFAR100-rgb_100-100_0.00030000000000000003_0004, 19.529998779296875, , 10, 10, 80,, 8, 8, 23,, 1215.7681295871735,, neuron, off,, 121,,,18,103
dnn_CIFAR100-rgb_100-100_0.00030000000000000003_0005, 19.100000381469727, , 8, 8, 82,, 7, 7, 19,, 1202.1412692070007,, neuron, off,, 116,,,15,101
dnn_CIFAR100-rgb_100-100_0.00032500000000000004_0001, 18.6299991607666, , 7, 7, 84,, 6, 6, 27,, 1155.0028858184814,, neuron, off,, 124,,,13,111
dnn_CIFAR100-rgb_100-100_0.00032500000000000004_0002, 18.209999084472656, , 4, 4, 87,, 6, 6, 22,, 1175.1083068847656,, neuron, off,, 119,,,10,109
dnn_CIFAR100-rgb_100-100_0.00032500000000000004_0003, 20.60999870300293, , 3, 3, 83,, 13, 13, 29,, 1210.0570962429047,, neuron, off,, 128,,,16,112
dnn_CIFAR100-rgb_100-100_0.00032500000000000004_0004, 18.939998626708984, , 15, 15, 76,, 13, 13, 17,, 1277.3933145999908,, neuron, off,, 121,,,28,93
dnn_CIFAR100-rgb_100-100_0.00032500000000000004_0005, 17.889999389648438, , 13, 13, 79,, 11, 11, 28,, 1135.9477272033691,, neuron, off,, 131,,,24,107
dnn_CIFAR100-rgb_100-100_0.00035_0001, 19.520000457763672, , 12, 12, 77,, 16, 16, 23,, 1237.0436084270477,, neuron, off,, 129,,,29,100
dnn_CIFAR100-rgb_100-100_0.00035_0002, 18.170000076293945, , 7, 7, 84,, 14, 14, 25,, 1156.230376958847,, neuron, off,, 130,,,21,109
dnn_CIFAR100-rgb_100-100_0.00035_0003, 19.850000381469727, , 5, 5, 83,, 13, 13, 22,, 1214.4186608791351,, neuron, off,, 123,,,18,105
dnn_CIFAR100-rgb_100-100_0.00035_0004, 20.18000030517578, , 7, 7, 80,, 8, 8, 24,, 1275.0480508804321,, neuron, off,, 119,,,15,104
dnn_CIFAR100-rgb_100-100_0.00035_0005, 18.469999313354492, , 6, 6, 85,, 16, 16, 21,, 1131.1849734783173,, neuron, off,, 128,,,22,106
dnn_CIFAR100-rgb_100-100_0.000375_0001, 19.399999618530273, , 6, 6, 82,, 14, 14, 29,, 1671.8093180656433,, neuron, off,, 132,,,21,111
dnn_CIFAR100-rgb_100-100_0.000375_0002, 18.809999465942383, , 13, 13, 77,, 11, 11, 33,, 1183.3775181770325,, neuron, off,, 134,,,24,110
dnn_CIFAR100-rgb_100-100_0.000375_0003, 20.239999771118164, , 9, 9, 78,, 11, 11, 28,, 1115.4125618934631,, neuron, off,, 126,,,20,106
dnn_CIFAR100-rgb_100-100_0.000375_0004, 19.079999923706055, , 9, 9, 81,, 14, 14, 24,, 1200.94105386734,, neuron, off,, 128,,,23,105
dnn_CIFAR100-rgb_100-100_0.000375_0005, 19.25, , 9, 9, 81,, 12, 12, 23,, 1200.854192495346,, neuron, off,, 125,,,21,104
dnn_CIFAR100-rgb_100-100_0.0004_0001, 19.010000228881836, , 14, 14, 76,, 20, 20, 25,, 1260.9754638671875,, neuron, off,, 135,,,34,101
dnn_CIFAR100-rgb_100-100_0.0004_0002, 18.670000076293945, , 11, 11, 79,, 19, 19, 32,, 1143.8691320419312,, neuron, off,, 141,,,30,111
dnn_CIFAR100-rgb_100-100_0.0004_0003, 18.329999923706055, , 12, 12, 78,, 11, 11, 24,, 1223.97580575943,, neuron, off,, 125,,,23,102
dnn_CIFAR100-rgb_100-100_0.0004_0004, 19.35999870300293, , 9, 9, 79,, 17, 17, 28,, 1251.192218542099,, neuron, off,, 133,,,26,107
dnn_CIFAR100-rgb_100-100_0.0004_0005, 19.53999900817871, , 11, 11, 77,, 14, 14, 35,, 1209.2075128555298,, neuron, off,, 137,,,25,112
dnn_CIFAR100-rgb_200-200_0.0_0001, 28.01999855041504, , 0, 0, 0,, 0, 0, 0,, 4394.76308131218,, neuron, off,, 6,,,0,6
dnn_CIFAR100-rgb_200-200_0.0_0002, 28.1299991607666, , 0, 0, 0,, 0, 0, 0,, 4038.8799028396606,, neuron, off,, 5,,,0,5
dnn_CIFAR100-rgb_200-200_0.0_0003, 28.779998779296875, , 0, 0, 0,, 0, 0, 0,, 4022.739476442337,, neuron, off,, 12,,,0,12
dnn_CIFAR100-rgb_200-200_0.0_0004, 28.03999900817871, , 0, 0, 0,, 0, 0, 0,, 3996.2944626808167,, neuron, off,, 10,,,0,10
dnn_CIFAR100-rgb_200-200_0.0_0005, 27.93000030517578, , 0, 0, 0,, 0, 0, 0,, 4102.520641326904,, neuron, off,, 8,,,0,8
dnn_CIFAR100-rgb_200-200_2.5e-05_0001, 27.969999313354492, , 0, 0, 0,, 0, 0, 0,, 4345.725609064102,, neuron, off,, 1,,,0,1
dnn_CIFAR100-rgb_200-200_2.5e-05_0002, 27.81999969482422, , 0, 0, 0,, 0, 0, 0,, 4585.3655462265015,, neuron, off,, 1,,,0,1
dnn_CIFAR100-rgb_200-200_2.5e-05_0003, 28.239999771118164, , 0, 0, 0,, 0, 0, 0,, 4810.338471889496,, neuron, off,, 1,,,0,1
dnn_CIFAR100-rgb_200-200_2.5e-05_0004, 28.479999542236328, , 0, 0, 0,, 0, 0, 0,, 4469.57616186142,, neuron, off,, 2,,,0,2
dnn_CIFAR100-rgb_200-200_2.5e-05_0005, 28.53999900817871, , 0, 0, 0,, 0, 0, 0,, 4498.0997042655945,, neuron, off,, 1,,,0,1
dnn_CIFAR100-rgb_200-200_5e-05_0001, 27.670000076293945, , 8, 8, 128,, 0, 0, 0,, 5198.433878898621,, neuron, off,, 139,,,11,128
dnn_CIFAR100-rgb_200-200_5e-05_0002, 28.619998931884766, , 9, 9, 110,, 0, 0, 0,, 5567.877851724625,, neuron, off,, 123,,,11,112
dnn_CIFAR100-rgb_200-200_5e-05_0003, 27.920000076293945, , 6, 6, 126,, 0, 0, 1,, 5240.911354541779,, neuron, off,, 133,,,6,127
dnn_CIFAR100-rgb_200-200_5e-05_0004, 28.15999984741211, , 7, 7, 130,, 0, 0, 0,, 6744.917370080948,, neuron, off,, 138,,,8,130
dnn_CIFAR100-rgb_200-200_5e-05_0005, 28.31999969482422, , 6, 6, 130,, 0, 0, 0,, 5559.946239709854,, neuron, off,, 140,,,7,133
dnn_CIFAR100-rgb_200-200_7.500000000000001e-05_0001, 27.75, , 16, 16, 139,, 0, 0, 2,, 6590.353855133057,, neuron, off,, 159,,,16,143
dnn_CIFAR100-rgb_200-200_7.500000000000001e-05_0002, 27.44999885559082, , 11, 11, 147,, 0, 0, 5,, 6082.689817428589,, neuron, off,, 163,,,11,152
dnn_CIFAR100-rgb_200-200_7.500000000000001e-05_0003, 27.799999237060547, , 14, 14, 141,, 0, 0, 2,, 6349.546169281006,, neuron, off,, 157,,,13,144
dnn_CIFAR100-rgb_200-200_7.500000000000001e-05_0004, 27.10999870300293, , 11, 11, 145,, 0, 0, 4,, 6147.603952169418,, neuron, off,, 161,,,11,150
dnn_CIFAR100-rgb_200-200_7.500000000000001e-05_0005, 27.760000228881836, , 15, 15, 140,, 0, 0, 4,, 7124.53329706192,, neuron, off,, 160,,,15,145
dnn_CIFAR100-rgb_200-200_0.0001_0001, 26.94999885559082, , 13, 13, 139,, 0, 0, 14,, 9335.237622022629,, neuron, off,, 165,,,12,153
dnn_CIFAR100-rgb_200-200_0.0001_0002, 27.369998931884766, , 13, 13, 146,, 110, 110, 89,, 10448.312419176102,, neuron, off,, 172,,,13,159
dnn_CIFAR100-rgb_200-200_0.0001_0003, 26.649999618530273, , 15, 15, 140,, 0, 0, 27,, 7161.745383262634,, neuron, off,, 182,,,15,167
dnn_CIFAR100-rgb_200-200_0.0001_0004, 27.059999465942383, , 12, 12, 147,, 5, 5, 14,, 10205.638461828232,, neuron, off,, 173,,,13,160
dnn_CIFAR100-rgb_200-200_0.0001_0005, 26.65999984741211, , 13, 13, 144,, 0, 0, 14,, 6398.717882633209,, neuron, off,, 171,,,13,158
dnn_CIFAR100-rgb_200-200_0.000125_0001, 26.3799991607666, , 20, 20, 140,, 2, 2, 31,, 6946.403563737869,, neuron, off,, 193,,,22,171
dnn_CIFAR100-rgb_200-200_0.000125_0002, 26.35999870300293, , 19, 19, 146,, 11, 11, 31,, 9704.409660816193,, neuron, off,, 199,,,25,174
dnn_CIFAR100-rgb_200-200_0.000125_0003, 25.56999969482422, , 14, 14, 147,, 13, 13, 46,, 9644.25869679451,, neuron, off,, 207,,,18,189
dnn_CIFAR100-rgb_200-200_0.000125_0004, 26.219999313354492, , 13, 13, 144,, 5, 5, 32,, 6828.5134789943695,, neuron, off,, 194,,,18,176
dnn_CIFAR100-rgb_200-200_0.000125_0005, 26.09000015258789, , 14, 14, 156,, 4, 4, 16,, 6875.556835889816,, neuron, off,, 188,,,16,172
dnn_CIFAR100-rgb_200-200_0.00015000000000000001_0001, 25.59000015258789, , 20, 20, 151,, 11, 11, 28,, 6138.320617437363,, neuron, off,, 210,,,31,179
dnn_CIFAR100-rgb_200-200_0.00015000000000000001_0002, 25.420000076293945, , 15, 15, 152,, 9, 9, 39,, 6198.440881967545,, neuron, off,, 215,,,24,191
dnn_CIFAR100-rgb_200-200_0.00015000000000000001_0003, 25.729999542236328, , 29, 29, 131,, 16, 16, 41,, 6738.8684413433075,, neuron, off,, 217,,,45,172
dnn_CIFAR100-rgb_200-200_0.00015000000000000001_0004, 25.59000015258789, , 20, 20, 143,, 12, 12, 35,, 6227.168974876404,, neuron, off,, 210,,,32,178
dnn_CIFAR100-rgb_200-200_0.00015000000000000001_0005, 25.969999313354492, , 14, 14, 149,, 6, 6, 43,, 7111.966649532318,, neuron, off,, 212,,,20,192
dnn_CIFAR100-rgb_200-200_0.000175_0001, 25.09000015258789, , 22, 22, 149,, 16, 16, 40,, 5911.1173667907715,, neuron, off,, 227,,,38,189
dnn_CIFAR100-rgb_200-200_0.000175_0002, 24.979999542236328, , 22, 22, 140,, 24, 24, 46,, 7544.807616233826,, neuron, off,, 233,,,46,187
dnn_CIFAR100-rgb_200-200_0.000175_0003, 25.329999923706055, , 18, 18, 148,, 18, 18, 34,, 6354.13969874382,, neuron, off,, 218,,,36,182
dnn_CIFAR100-rgb_200-200_0.000175_0004, 24.90999984741211, , 19, 19, 152,, 9, 9, 49,, 6116.514133930206,, neuron, off,, 229,,,28,201
dnn_CIFAR100-rgb_200-200_0.000175_0005, 24.639999389648438, , 20, 20, 149,, 16, 16, 52,, 6810.677480220795,, neuron, off,, 237,,,36,201
dnn_CIFAR100-rgb_200-200_0.0002_0001, 24.69999885559082, , 26, 26, 145,, 25, 25, 47,, 6760.132853507996,, neuron, off,, 242,,,50,192
dnn_CIFAR100-rgb_200-200_0.0002_0002, 23.670000076293945, , 23, 23, 154,, 22, 22, 45,, 5470.6563839912415,, neuron, off,, 244,,,45,199
dnn_CIFAR100-rgb_200-200_0.0002_0003, 24.260000228881836, , 23, 23, 149,, 21, 21, 51,, 6062.664906024933,, neuron, off,, 244,,,45,199
dnn_CIFAR100-rgb_200-200_0.0002_0004, 24.029998779296875, , 23, 23, 146,, 25, 25, 49,, 6283.4917640686035,, neuron, off,, 243,,,48,195
dnn_CIFAR100-rgb_200-200_0.0002_0005, 23.56999969482422, , 22, 22, 150,, 24, 24, 41,, 6248.889086008072,, neuron, off,, 237,,,46,191
dnn_CIFAR100-rgb_400-400_0.0_0001, 30.01999855041504, , 0, 0, 0,, -, -, -,, 10811.19116306305,, neuron, off,, 2,,,0,2
dnn_CIFAR100-rgb_400-400_0.0_0002, 30.239999771118164, , 0, 0, 0,, -, -, -,, 10801.301434516907,, neuron, off,, 3,,,0,3
dnn_CIFAR100-rgb_400-400_0.0_0003, 30.049999237060547, , 0, 0, 0,, -, -, -,, 10803.897295713425,, neuron, off,, 4,,,0,4
dnn_CIFAR100-rgb_400-400_0.0_0004, 30.099998474121094, , 0, 0, 0,, -, -, -,, 10800.023749828339,, neuron, off,, 3,,,0,3
dnn_CIFAR100-rgb_400-400_0.0_0005, 30.42999839782715, , 0, 0, 0,, -, -, -,, 10812.918623447418,, neuron, off,, 4,,,0,4
dnn_CIFAR100-rgb_400-400_2.5e-05_0001, 30.849998474121094, , 0, 0, 0,, -, -, -,, 10800.023740053177,, neuron, off,, 1,,,0,1
dnn_CIFAR100-rgb_400-400_2.5e-05_0002
dnn_CIFAR100-rgb_400-400_2.5e-05_0003, 31.0, , 0, 0, 0,, -, -, -,, 10800.061661720276,, neuron, off,, 1,,,0,1
dnn_CIFAR100-rgb_400-400_2.5e-05_0004, 30.75, , 0, 0, 0,, -, -, -,, 10800.023540258408,, neuron, off,, 2,,,0,2
dnn_CIFAR100-rgb_400-400_2.5e-05_0005, 30.719999313354492, , 0, 0, 0,, -, -, -,, 10803.174530029297,, neuron, off,, 0,,,0,0
dnn_CIFAR100-rgb_400-400_5e-05_0001, 30.479999542236328, , 37, 37, 221,, -, -, -,, 10800.06539940834,, neuron, off,, 261,,,39,222
dnn_CIFAR100-rgb_400-400_5e-05_0002, 29.85999870300293, , 44, 44, 213,, -, -, -,, 10823.026267290115,, neuron, off,, 260,,,46,214
dnn_CIFAR100-rgb_400-400_5e-05_0003
dnn_CIFAR100-rgb_400-400_5e-05_0004, 30.599998474121094, , 53, 53, 202,, -, -, -,, 10800.023981809616,, neuron, off,, 258,,,54,204
dnn_CIFAR100-rgb_400-400_5e-05_0005, 30.149999618530273, , 34, 34, 216,, -, -, -,, 10800.024039030075,, neuron, off,, 255,,,35,220
dnn_CIFAR100-rgb_400-400_7.500000000000001e-05_0001, 29.44999885559082, , 75, 75, 230,, -, -, -,, 10809.936192274094,, neuron, off,, 325,,,75,250
dnn_CIFAR100-rgb_400-400_7.500000000000001e-05_0002, 29.219999313354492, , 65, 65, 248,, -, -, -,, 10827.99655008316,, neuron, off,, 339,,,65,274
dnn_CIFAR100-rgb_400-400_7.500000000000001e-05_0003, 29.349998474121094, , 65, 65, 237,, -, -, -,, 10803.02535200119,, neuron, off,, 330,,,66,264
dnn_CIFAR100-rgb_400-400_7.500000000000001e-05_0004
dnn_CIFAR100-rgb_400-400_7.500000000000001e-05_0005, 29.049999237060547, , 82, 82, 223,, -, -, -,, 10810.79862689972,, neuron, off,, 332,,,82,250
dnn_CIFAR100-rgb_400-400_0.0001_0001, 28.439998626708984, , 80, 80, 240,, -, -, -,, 10800.083876609802,, neuron, off,, 409,,,101,308
dnn_CIFAR100-rgb_400-400_0.0001_0002, 28.420000076293945, , 75, 75, 253,, -, -, -,, 10823.914199590683,, neuron, off,, 402,,,92,310
dnn_CIFAR100-rgb_400-400_0.0001_0003, 27.549999237060547, , 90, 90, 235,, -, -, -,, 10800.01525259018,, neuron, off,, 427,,,117,310
dnn_CIFAR100-rgb_400-400_0.0001_0004, 28.09000015258789, , 90, 90, 237,, -, -, -,, 10817.658638000488,, neuron, off,, 410,,,112,298
dnn_CIFAR100-rgb_400-400_0.0001_0005
dnn_CIFAR100-rgb_400-400_0.000125_0001, 26.56999969482422, , 91, 91, 250,, -, -, -,, 10828.116343021393,, neuron, off,, 490,,,149,341
dnn_CIFAR100-rgb_400-400_0.000125_0002, 26.779998779296875, , 106, 106, 236,, -, -, -,, 10800.024917840958,, neuron, off,, 485,,,156,329
dnn_CIFAR100-rgb_400-400_0.000125_0003, 26.599998474121094, , 89, 89, 256,, -, -, -,, 10816.18767285347,, neuron, off,, 474,,,128,346
dnn_CIFAR100-rgb_400-400_0.000125_0004, 27.369998931884766, , 84, 84, 264,, -, -, -,, 10815.190603494644,, neuron, off,, 484,,,131,353
dnn_CIFAR100-rgb_400-400_0.000125_0005, 26.53999900817871, , 93, 93, 258,, -, -, -,, 10810.997818946838,, neuron, off,, 499,,,145,354
dnn_CIFAR100-rgb_400-400_0.00015000000000000001_0001
dnn_CIFAR100-rgb_400-400_0.00015000000000000001_0002, 25.779998779296875, , 88, 88, 266,, -, -, -,, 10802.714420318604,, neuron, off,, 533,,,164,369
dnn_CIFAR100-rgb_400-400_0.00015000000000000001_0003, 26.439998626708984, , 92, 92, 266,, -, -, -,, 10800.033575296402,, neuron, off,, 525,,,161,364
dnn_CIFAR100-rgb_400-400_0.00015000000000000001_0004, 25.829999923706055, , 120, 120, 240,, -, -, -,, 10997.71000289917,, neuron, off,, 524,,,188,336
dnn_CIFAR100-rgb_400-400_0.00015000000000000001_0005, 25.689998626708984, , 96, 96, 263,, -, -, -,, 10800.074177980423,, neuron, off,, 524,,,163,361
dnn_CIFAR100-rgb_400-400_0.000175_0001, 25.25, , 123, 123, 241,, -, -, -,, 10816.592138528824,, neuron, off,, 588,,,216,372
dnn_CIFAR100-rgb_400-400_0.000175_0002
dnn_CIFAR100-rgb_400-400_0.000175_0003, 24.829999923706055, , 108, 108, 264,, -, -, -,, 10828.314929246902,, neuron, off,, 584,,,198,386
dnn_CIFAR100-rgb_400-400_0.000175_0004, 24.76999855041504, , 111, 111, 257,, -, -, -,, 10817.822343111038,, neuron, off,, 597,,,215,382
dnn_CIFAR100-rgb_400-400_0.000175_0005, 25.100000381469727, , 121, 121, 241,, -, -, -,, 10818.227107524872,, neuron, off,, 586,,,230,356
dnn_CIFAR100-rgb_400-400_0.0002_0001, 24.239999771118164, , 134, 134, 235,, -, -, -,, 10800.013702630997,, neuron, off,, 610,,,233,377
dnn_CIFAR100-rgb_400-400_0.0002_0002, 24.029998779296875, , 122, 122, 249,, -, -, -,, 10800.019923210144,, neuron, off,, 605,,,248,357
dnn_CIFAR100-rgb_400-400_0.0002_0003
dnn_CIFAR100-rgb_400-400_0.0002_0004, 24.170000076293945, , 125, 125, 244,, -, -, -,, 10821.39967417717,, neuron, off,, 617,,,229,388
dnn_CIFAR100-rgb_400-400_0.0002_0005, 24.239999771118164, , 136, 136, 234,, -, -, -,, 10801.076702594757,, neuron, off,, 614,,,234,380
dnn_CIFAR100-rgb_800-800_0.0_0001, 31.219999313354492, , 0, 0, 0,, -, -, -,, 10842.676059961319,, neuron, off,, 0,,,0,0
dnn_CIFAR100-rgb_800-800_0.0_0002, 31.349998474121094, , 0, 0, 0,, -, -, -,, 10800.04243683815,, neuron, off,, 2,,,0,2
dnn_CIFAR100-rgb_800-800_0.0_0003, 31.51999855041504, , 0, 0, 0,, -, -, -,, 10824.17647266388,, neuron, off,, 1,,,0,1
dnn_CIFAR100-rgb_800-800_0.0_0004
dnn_CIFAR100-rgb_800-800_0.0_0005
dnn_CIFAR100-rgb_800-800_2.5e-05_0001
dnn_CIFAR100-rgb_800-800_2.5e-05_0002, 32.43000030517578, , 0, 0, 0,, -, -, -,, 10800.135159254074,, neuron, off,, 1,,,0,1
dnn_CIFAR100-rgb_800-800_2.5e-05_0003, 32.80999755859375, , 0, 0, 0,, -, -, -,, 10800.080149412155,, neuron, off,, 1,,,0,1
dnn_CIFAR100-rgb_800-800_2.5e-05_0004, 32.41999816894531, , 0, 0, 0,, -, -, -,, 10842.654494524002,, neuron, off,, 1,,,0,1
dnn_CIFAR100-rgb_800-800_2.5e-05_0005, 32.90999984741211, , 0, 0, 0,, -, -, -,, 10800.233632087708,, neuron, off,, 1,,,0,1
dnn_CIFAR100-rgb_800-800_5e-05_0001
dnn_CIFAR100-rgb_800-800_5e-05_0002
dnn_CIFAR100-rgb_800-800_5e-05_0003, 31.239999771118164, , 220, 220, 319,, -, -, -,, 10849.759199380875,, neuron, off,, 551,,,217,334
dnn_CIFAR100-rgb_800-800_5e-05_0004, 31.10999870300293, , 206, 206, 339,, -, -, -,, 10800.044100761414,, neuron, off,, 560,,,206,354
dnn_CIFAR100-rgb_800-800_5e-05_0005, 30.969999313354492, , 214, 214, 324,, -, -, -,, 10853.663490533829,, neuron, off,, 542,,,210,332
dnn_CIFAR100-rgb_800-800_7.500000000000001e-05_0001, 29.649999618530273, , 298, 298, 377,, -, -, -,, 10800.071150064468,, neuron, off,, 863,,,352,511
dnn_CIFAR100-rgb_800-800_7.500000000000001e-05_0002
dnn_CIFAR100-rgb_800-800_7.500000000000001e-05_0003
dnn_CIFAR100-rgb_800-800_7.500000000000001e-05_0004, 29.579999923706055, , 283, 283, 392,, -, -, -,, 10815.73099064827,, neuron, off,, 890,,,358,532
dnn_CIFAR100-rgb_800-800_7.500000000000001e-05_0005, 29.15999984741211, , 300, 300, 374,, -, -, -,, 10810.086982488632,, neuron, off,, 905,,,379,526
dnn_CIFAR100-rgb_800-800_0.0001_0001, 27.639999389648438, , 345, 345, 393,, -, -, -,, 10800.059584856033,, neuron, off,, 1146,,,525,621
dnn_CIFAR100-rgb_800-800_0.0001_0002, 28.239999771118164, , 329, 329, 400,, -, -, -,, 10800.086478471756,, neuron, off,, 1113,,,490,623
dnn_CIFAR100-rgb_800-800_0.0001_0003
dnn_CIFAR100-rgb_800-800_0.0001_0004
dnn_CIFAR100-rgb_800-800_0.0001_0005, 27.8799991607666, , 335, 335, 396,, -, -, -,, 10800.006824016571,, neuron, off,, 1130,,,508,622
dnn_CIFAR100-rgb_800-800_0.000125_0001, 26.619998931884766, , 372, 372, 377,, -, -, -,, 11942.71964764595,, neuron, off,, 1257,,,596,661
dnn_CIFAR100-rgb_800-800_0.000125_0002, 27.099998474121094, , 335, 335, 411,, -, -, -,, 10823.227827310562,, neuron, off,, 1231,,,562,669
dnn_CIFAR100-rgb_800-800_0.000125_0003, 26.479999542236328, , 360, 360, 389,, -, -, -,, 10800.050288200378,, neuron, off,, 1249,,,603,646
dnn_CIFAR100-rgb_800-800_0.000125_0004
dnn_CIFAR100-rgb_800-800_0.000125_0005
dnn_CIFAR100-rgb_800-800_0.00015000000000000001_0001, 25.939998626708984, , 373, 373, 392,, -, -, -,, 10806.423339366913,, neuron, off,, 1339,,,685,654
dnn_CIFAR100-rgb_800-800_0.00015000000000000001_0002, 25.969999313354492, , 373, 373, 383,, -, -, -,, 10800.006947278976,, neuron, off,, 1346,,,648,698
dnn_CIFAR100-rgb_800-800_0.00015000000000000001_0003, 25.43000030517578, , 391, 391, 375,, -, -, -,, 10800.04425907135,, neuron, off,, 1349,,,692,657
dnn_CIFAR100-rgb_800-800_0.00015000000000000001_0004, 25.779998779296875, , 378, 378, 386,, -, -, -,, 10800.040843725204,, neuron, off,, 1339,,,663,676
dnn_CIFAR100-rgb_800-800_0.00015000000000000001_0005
dnn_CIFAR100-rgb_800-800_0.000175_0001
dnn_CIFAR100-rgb_800-800_0.000175_0002, 24.56999969482422, , 365, 365, 404,, -, -, -,, 10806.889830350876,, neuron, off,, 1397,,,678,719
dnn_CIFAR100-rgb_800-800_0.000175_0003, 24.56999969482422, , 397, 397, 374,, -, -, -,, 10853.14946937561,, neuron, off,, 1396,,,690,706
dnn_CIFAR100-rgb_800-800_0.000175_0004, 24.829999923706055, , 363, 363, 405,, -, -, -,, 10800.017589092255,, neuron, off,, 1366,,,675,691
dnn_CIFAR100-rgb_800-800_0.000175_0005, 24.459999084472656, , 360, 360, 407,, -, -, -,, 10855.059803009033,, neuron, off,, 1397,,,680,717
dnn_CIFAR100-rgb_800-800_0.0002_0001
dnn_CIFAR100-rgb_800-800_0.0002_0002
dnn_CIFAR100-rgb_800-800_0.0002_0003, 23.489999771118164, , 393, 393, 384,, -, -, -,, 10800.065295219421,, neuron, off,, 1440,,,747,693
dnn_CIFAR100-rgb_800-800_0.0002_0004, 23.369998931884766, , 377, 377, 394,, -, -, -,, 10837.66220998764,, neuron, off,, 1437,,,710,727
dnn_CIFAR100-rgb_800-800_0.0002_0005, 24.31999969482422, , 382, 382, 393,, -, -, -,, 10800.098610162735,, neuron, off,, 1440,,,713,727
dnn_CIFAR100-rgb_100-100-100_0.0_0001, 24.600000381469727, , 0, 0, 0,, 0, 0, 0,, 0, 0, 0,, 4877.04595375061,, neuron, off,, 7,,,0,7
dnn_CIFAR100-rgb_100-100-100_0.0_0002, 25.309999465942383, , 0, 0, 0,, 0, 0, 0,, 0, 0, 0,, 4911.123789310455,, neuron, off,, 10,,,0,10
dnn_CIFAR100-rgb_100-100-100_0.0_0003, 25.149999618530273, , 0, 0, 0,, 0, 0, 0,, 0, 0, 0,, 4791.458943605423,, neuron, off,, 9,,,0,9
dnn_CIFAR100-rgb_100-100-100_0.0_0004, 25.059999465942383, , 0, 0, 0,, 0, 0, 0,, 0, 0, 0,, 4582.9839498996735,, neuron, off,, 13,,,0,13
dnn_CIFAR100-rgb_100-100-100_0.0_0005, 24.229999542236328, , 0, 0, 0,, 0, 0, 0,, 0, 0, 0,, 4760.147329568863,, neuron, off,, 6,,,0,6
dnn_CIFAR100-rgb_100-100-100_2.5e-05_0001, 24.65999984741211, , 0, 0, 0,, 0, 0, 0,, 0, 0, 0,, 4931.274975299835,, neuron, off,, 2,,,0,2
dnn_CIFAR100-rgb_100-100-100_2.5e-05_0002, 25.18000030517578, , 0, 0, 0,, 0, 0, 0,, 0, 0, 0,, 5036.657616376877,, neuron, off,, 3,,,0,3
dnn_CIFAR100-rgb_100-100-100_2.5e-05_0003, 25.35999870300293, , 0, 0, 0,, 0, 0, 0,, 0, 0, 0,, 5039.0196652412415,, neuron, off,, 2,,,0,2
dnn_CIFAR100-rgb_100-100-100_2.5e-05_0004, 25.369998931884766, , 0, 0, 0,, 0, 0, 0,, 0, 0, 0,, 5834.236265420914,, neuron, off,, 1,,,0,1
dnn_CIFAR100-rgb_100-100-100_2.5e-05_0005, 25.8799991607666, , 0, 0, 0,, 0, 0, 0,, 0, 0, 0,, 5789.875239610672,, neuron, off,, 1,,,0,1
dnn_CIFAR100-rgb_100-100-100_5e-05_0001, 25.51999855041504, , 1, 1, 73,, 0, 0, 0,, 0, 0, 0,, 4576.748576879501,, neuron, off,, 74,,,1,73
dnn_CIFAR100-rgb_100-100-100_5e-05_0002, 25.26999855041504, , 3, 3, 65,, 0, 0, 0,, 0, 0, 0,, 4996.1185257434845,, neuron, off,, 73,,,6,67
dnn_CIFAR100-rgb_100-100-100_5e-05_0003, 24.979999542236328, , 1, 1, 73,, 0, 0, 1,, 0, 0, 0,, 4398.933876276016,, neuron, off,, 80,,,3,77
dnn_CIFAR100-rgb_100-100-100_5e-05_0004, 25.51999855041504, , 1, 1, 63,, 0, 0, 0,, 0, 0, 0,, 4786.73797249794,, neuron, off,, 66,,,1,65
dnn_CIFAR100-rgb_100-100-100_5e-05_0005, 26.06999969482422, , 0, 0, 62,, 0, 0, 0,, 0, 0, 0,, 4907.353799104691,, neuron, off,, 62,,,0,62
dnn_CIFAR100-rgb_100-100-100_7.500000000000001e-05_0001, 25.68000030517578, , 1, 1, 74,, 0, 0, 5,, 0, 0, 0,, 4069.466510295868,, neuron, off,, 82,,,1,81
dnn_CIFAR100-rgb_100-100-100_7.500000000000001e-05_0002, 23.709999084472656, , 3, 3, 80,, 0, 0, 5,, 0, 0, 0,, 3716.7584965229034,, neuron, off,, 89,,,3,86
dnn_CIFAR100-rgb_100-100-100_7.500000000000001e-05_0003, 24.229999542236328, , 4, 4, 78,, 0, 0, 1,, 0, 0, 0,, 4520.505342245102,, neuron, off,, 83,,,4,79
dnn_CIFAR100-rgb_100-100-100_7.500000000000001e-05_0004, 25.69999885559082, , 2, 2, 77,, 0, 0, 5,, 0, 0, 0,, 3919.2337276935577,, neuron, off,, 85,,,2,83
dnn_CIFAR100-rgb_100-100-100_7.500000000000001e-05_0005, 23.219999313354492, , 2, 2, 84,, 0, 0, 6,, 0, 0, 0,, 4264.371771812439,, neuron, off,, 93,,,2,91
dnn_CIFAR100-rgb_100-100-100_0.0001_0001, 24.299999237060547, , 0, 0, 83,, 0, 0, 7,, 0, 0, 0,, 3625.204208135605,, neuron, off,, 90,,,0,90
dnn_CIFAR100-rgb_100-100-100_0.0001_0002, 22.10999870300293, , 3, 3, 86,, 0, 0, 8,, 0, 0, 0,, 3889.8544821739197,, neuron, off,, 97,,,3,94
dnn_CIFAR100-rgb_100-100-100_0.0001_0003, 23.279998779296875, , 1, 1, 86,, 0, 0, 10,, 0, 0, 0,, 3457.818118572235,, neuron, off,, 98,,,1,97
dnn_CIFAR100-rgb_100-100-100_0.0001_0004, 23.229999542236328, , 3, 3, 82,, 0, 0, 6,, 0, 0, 0,, 3839.810112476349,, neuron, off,, 93,,,3,90
dnn_CIFAR100-rgb_100-100-100_0.0001_0005, 24.649999618530273, , 0, 0, 83,, 0, 0, 5,, 0, 0, 0,, 3901.6105587482452,, neuron, off,, 88,,,0,88
dnn_CIFAR100-rgb_100-100-100_0.000125_0001, 24.850000381469727, , 1, 1, 78,, 0, 0, 17,, 0, 0, 2,, 3995.4957880973816,, neuron, off,, 98,,,1,97
dnn_CIFAR100-rgb_100-100-100_0.000125_0002, 22.369998931884766, , 4, 4, 85,, 0, 0, 5,, 0, 0, 4,, 3549.5728409290314,, neuron, off,, 98,,,4,94
dnn_CIFAR100-rgb_100-100-100_0.000125_0003, 24.670000076293945, , 3, 3, 72,, 0, 0, 15,, 0, 0, 1,, 3588.642007112503,, neuron, off,, 91,,,3,88
dnn_CIFAR100-rgb_100-100-100_0.000125_0004, 23.229999542236328, , 2, 2, 86,, 0, 0, 9,, 1, 1, 3,, 2991.971342563629,, neuron, off,, 98,,,2,96
dnn_CIFAR100-rgb_100-100-100_0.000125_0005, 24.34000015258789, , 4, 4, 78,, 0, 0, 17,, 0, 0, 0,, 4743.65988945961,, neuron, off,, 100,,,4,96
dnn_CIFAR100-rgb_100-100-100_0.00015000000000000001_0001, 23.139999389648438, , 3, 3, 85,, 1, 1, 13,, 15, 15, 14,, 2702.513612985611,, neuron, off,, 108,,,5,103
dnn_CIFAR100-rgb_100-100-100_0.00015000000000000001_0002, 22.6299991607666, , 1, 1, 87,, 1, 1, 14,, 17, 17, 14,, 2610.431448698044,, neuron, off,, 109,,,2,107
dnn_CIFAR100-rgb_100-100-100_0.00015000000000000001_0003, 22.60999870300293, , 4, 4, 83,, 1, 1, 14,, 1, 1, 10,, 3320.265015602112,, neuron, off,, 109,,,5,104
dnn_CIFAR100-rgb_100-100-100_0.00015000000000000001_0004, 23.760000228881836, , 6, 6, 77,, 2, 2, 18,, 1, 1, 6,, 2521.4912004470825,, neuron, off,, 110,,,9,101
dnn_CIFAR100-rgb_100-100-100_0.00015000000000000001_0005, 23.53999900817871, , 4, 4, 81,, 4, 4, 11,, 0, 0, 5,, 3969.5277647972107,, neuron, off,, 105,,,8,97
dnn_CIFAR100-rgb_100-100-100_0.000175_0001, 23.31999969482422, , 1, 1, 84,, 4, 4, 10,, 0, 0, 3,, 3692.11944437027,, neuron, off,, 102,,,5,97
dnn_CIFAR100-rgb_100-100-100_0.000175_0002, 22.0, , 6, 6, 83,, 2, 2, 15,, 0, 0, 8,, 3243.3135917186737,, neuron, off,, 114,,,8,106
dnn_CIFAR100-rgb_100-100-100_0.000175_0003, 22.469999313354492, , 0, 0, 87,, 2, 2, 13,, 0, 0, 7,, 3290.790230512619,, neuron, off,, 110,,,3,107
dnn_CIFAR100-rgb_100-100-100_0.000175_0004, 20.510000228881836, , 2, 2, 89,, 0, 0, 17,, 2, 2, 10,, 2252.328993320465,, neuron, off,, 118,,,2,116
dnn_CIFAR100-rgb_100-100-100_0.000175_0005, 22.84000015258789, , 3, 3, 84,, 2, 2, 18,, 2, 2, 6,, 3482.1398108005524,, neuron, off,, 115,,,8,107
dnn_CIFAR100-rgb_100-100-100_0.0002_0001, 22.829999923706055, , 1, 1, 84,, 5, 5, 25,, 31, 31, 29,, 2711.1314504146576,, neuron, off,, 133,,,8,125
dnn_CIFAR100-rgb_100-100-100_0.0002_0002, 22.85999870300293, , 3, 3, 82,, 5, 5, 12,, 4, 4, 12,, 3829.7781925201416,, neuron, off,, 119,,,13,106
dnn_CIFAR100-rgb_100-100-100_0.0002_0003, 22.899999618530273, , 4, 4, 81,, 5, 5, 27,, 7, 7, 12,, 5298.186445474625,, neuron, off,, 128,,,11,117
dnn_CIFAR100-rgb_100-100-100_0.0002_0004, 21.649999618530273, , 2, 2, 86,, 3, 3, 22,, 3, 3, 14,, 2093.6807141304016,, neuron, off,, 130,,,8,122
dnn_CIFAR100-rgb_100-100-100_0.0002_0005, 21.959999084472656, , 1, 1, 86,, 4, 4, 24,, 26, 26, 21,, 2615.8893744945526,, neuron, off,, 131,,,11,120
dnn_CIFAR100-rgb_100-100-100-100_0.0_0001
dnn_CIFAR100-rgb_100-100-100-100_0.0_0002
dnn_CIFAR100-rgb_100-100-100-100_0.0_0003
dnn_CIFAR100-rgb_100-100-100-100_0.0_0004
dnn_CIFAR100-rgb_100-100-100-100_0.0_0005
dnn_CIFAR100-rgb_100-100-100-100_2.5e-05_0001
dnn_CIFAR100-rgb_100-100-100-100_2.5e-05_0002
dnn_CIFAR100-rgb_100-100-100-100_2.5e-05_0003
dnn_CIFAR100-rgb_100-100-100-100_2.5e-05_0004
dnn_CIFAR100-rgb_100-100-100-100_2.5e-05_0005
dnn_CIFAR100-rgb_100-100-100-100_5e-05_0001
dnn_CIFAR100-rgb_100-100-100-100_5e-05_0002
dnn_CIFAR100-rgb_100-100-100-100_5e-05_0003
dnn_CIFAR100-rgb_100-100-100-100_5e-05_0004
dnn_CIFAR100-rgb_100-100-100-100_5e-05_0005
dnn_CIFAR100-rgb_100-100-100-100_7.500000000000001e-05_0001
dnn_CIFAR100-rgb_100-100-100-100_7.500000000000001e-05_0002
dnn_CIFAR100-rgb_100-100-100-100_7.500000000000001e-05_0003
dnn_CIFAR100-rgb_100-100-100-100_7.500000000000001e-05_0004
dnn_CIFAR100-rgb_100-100-100-100_7.500000000000001e-05_0005
dnn_CIFAR100-rgb_100-100-100-100_0.0001_0001
dnn_CIFAR100-rgb_100-100-100-100_0.0001_0002
dnn_CIFAR100-rgb_100-100-100-100_0.0001_0003
dnn_CIFAR100-rgb_100-100-100-100_0.0001_0004
dnn_CIFAR100-rgb_100-100-100-100_0.0001_0005
dnn_CIFAR100-rgb_100-100-100-100_0.000125_0001
dnn_CIFAR100-rgb_100-100-100-100_0.000125_0002
dnn_CIFAR100-rgb_100-100-100-100_0.000125_0003
dnn_CIFAR100-rgb_100-100-100-100_0.000125_0004
dnn_CIFAR100-rgb_100-100-100-100_0.000125_0005
dnn_CIFAR100-rgb_100-100-100-100_0.00015000000000000001_0001
dnn_CIFAR100-rgb_100-100-100-100_0.00015000000000000001_0002
dnn_CIFAR100-rgb_100-100-100-100_0.00015000000000000001_0003
dnn_CIFAR100-rgb_100-100-100-100_0.00015000000000000001_0004
dnn_CIFAR100-rgb_100-100-100-100_0.00015000000000000001_0005
dnn_CIFAR100-rgb_100-100-100-100_0.000175_0001
dnn_CIFAR100-rgb_100-100-100-100_0.000175_0002
dnn_CIFAR100-rgb_100-100-100-100_0.000175_0003
dnn_CIFAR100-rgb_100-100-100-100_0.000175_0004
dnn_CIFAR100-rgb_100-100-100-100_0.000175_0005
dnn_CIFAR100-rgb_100-100-100-100_0.0002_0001
dnn_CIFAR100-rgb_100-100-100-100_0.0002_0002
dnn_CIFAR100-rgb_100-100-100-100_0.0002_0003
dnn_CIFAR100-rgb_100-100-100-100_0.0002_0004
dnn_CIFAR100-rgb_100-100-100-100_0.0002_0005
dnn_CIFAR100-rgb_100-100-100-100-100_0.0_0001
dnn_CIFAR100-rgb_100-100-100-100-100_0.0_0002
dnn_CIFAR100-rgb_100-100-100-100-100_0.0_0003
dnn_CIFAR100-rgb_100-100-100-100-100_0.0_0004
dnn_CIFAR100-rgb_100-100-100-100-100_0.0_0005
dnn_CIFAR100-rgb_100-100-100-100-100_2.5e-05_0001
dnn_CIFAR100-rgb_100-100-100-100-100_2.5e-05_0002
dnn_CIFAR100-rgb_100-100-100-100-100_2.5e-05_0003
dnn_CIFAR100-rgb_100-100-100-100-100_2.5e-05_0004
dnn_CIFAR100-rgb_100-100-100-100-100_2.5e-05_0005
dnn_CIFAR100-rgb_100-100-100-100-100_5e-05_0001
dnn_CIFAR100-rgb_100-100-100-100-100_5e-05_0002
dnn_CIFAR100-rgb_100-100-100-100-100_5e-05_0003
dnn_CIFAR100-rgb_100-100-100-100-100_5e-05_0004
dnn_CIFAR100-rgb_100-100-100-100-100_5e-05_0005
dnn_CIFAR100-rgb_100-100-100-100-100_7.500000000000001e-05_0001
dnn_CIFAR100-rgb_100-100-100-100-100_7.500000000000001e-05_0002
dnn_CIFAR100-rgb_100-100-100-100-100_7.500000000000001e-05_0003
dnn_CIFAR100-rgb_100-100-100-100-100_7.500000000000001e-05_0004
dnn_CIFAR100-rgb_100-100-100-100-100_7.500000000000001e-05_0005
dnn_CIFAR100-rgb_100-100-100-100-100_0.0001_0001
dnn_CIFAR100-rgb_100-100-100-100-100_0.0001_0002
dnn_CIFAR100-rgb_100-100-100-100-100_0.0001_0003
dnn_CIFAR100-rgb_100-100-100-100-100_0.0001_0004
dnn_CIFAR100-rgb_100-100-100-100-100_0.0001_0005, 24.60999870300293, , 3, 3, 79,, 0, 0, 12,, 0, 0, 0,, -, -, -,, -, -, -,, 10800.007930278778,, neuron, off,, 94,,,3,91
dnn_CIFAR100-rgb_100-100-100-100-100_0.000125_0001
dnn_CIFAR100-rgb_100-100-100-100-100_0.000125_0002
dnn_CIFAR100-rgb_100-100-100-100-100_0.000125_0003
dnn_CIFAR100-rgb_100-100-100-100-100_0.000125_0004
dnn_CIFAR100-rgb_100-100-100-100-100_0.000125_0005
dnn_CIFAR100-rgb_100-100-100-100-100_0.00015000000000000001_0001, 23.93000030517578, , 2, 2, 77,, 2, 2, 15,, 1, 1, 5,, -, -, -,, -, -, -,, 10800.004501342773,, neuron, off,, 118,,,6,112
dnn_CIFAR100-rgb_100-100-100-100-100_0.00015000000000000001_0002
dnn_CIFAR100-rgb_100-100-100-100-100_0.00015000000000000001_0003
dnn_CIFAR100-rgb_100-100-100-100-100_0.00015000000000000001_0004
dnn_CIFAR100-rgb_100-100-100-100-100_0.00015000000000000001_0005
dnn_CIFAR100-rgb_100-100-100-100-100_0.000175_0001
dnn_CIFAR100-rgb_100-100-100-100-100_0.000175_0002
dnn_CIFAR100-rgb_100-100-100-100-100_0.000175_0003
dnn_CIFAR100-rgb_100-100-100-100-100_0.000175_0004
dnn_CIFAR100-rgb_100-100-100-100-100_0.000175_0005
dnn_CIFAR100-rgb_100-100-100-100-100_0.0002_0001
dnn_CIFAR100-rgb_100-100-100-100-100_0.0002_0002
dnn_CIFAR100-rgb_100-100-100-100-100_0.0002_0003
dnn_CIFAR100-rgb_100-100-100-100-100_0.0002_0004
dnn_CIFAR100-rgb_100-100-100-100-100_0.0002_0005
dnn_CIFAR100-rgb_1600-1600_0.0_0001
dnn_CIFAR100-rgb_1600-1600_0.0_0002
dnn_CIFAR100-rgb_1600-1600_0.0_0003
dnn_CIFAR100-rgb_1600-1600_0.0_0004
dnn_CIFAR100-rgb_1600-1600_0.0_0005
dnn_CIFAR100-rgb_1600-1600_2.5e-05_0001
dnn_CIFAR100-rgb_1600-1600_2.5e-05_0002
dnn_CIFAR100-rgb_1600-1600_2.5e-05_0003
dnn_CIFAR100-rgb_1600-1600_2.5e-05_0004
dnn_CIFAR100-rgb_1600-1600_2.5e-05_0005
dnn_CIFAR100-rgb_1600-1600_5e-05_0001
dnn_CIFAR100-rgb_1600-1600_5e-05_0002
dnn_CIFAR100-rgb_1600-1600_5e-05_0003
dnn_CIFAR100-rgb_1600-1600_5e-05_0004
dnn_CIFAR100-rgb_1600-1600_5e-05_0005
dnn_CIFAR100-rgb_1600-1600_7.500000000000001e-05_0001
dnn_CIFAR100-rgb_1600-1600_7.500000000000001e-05_0002
dnn_CIFAR100-rgb_1600-1600_7.500000000000001e-05_0003
dnn_CIFAR100-rgb_1600-1600_7.500000000000001e-05_0004
dnn_CIFAR100-rgb_1600-1600_7.500000000000001e-05_0005
dnn_CIFAR100-rgb_1600-1600_0.0001_0001
dnn_CIFAR100-rgb_1600-1600_0.0001_0002
dnn_CIFAR100-rgb_1600-1600_0.0001_0003
dnn_CIFAR100-rgb_1600-1600_0.0001_0004
dnn_CIFAR100-rgb_1600-1600_0.0001_0005
dnn_CIFAR100-rgb_1600-1600_0.000125_0001
dnn_CIFAR100-rgb_1600-1600_0.000125_0002
dnn_CIFAR100-rgb_1600-1600_0.000125_0003
dnn_CIFAR100-rgb_1600-1600_0.000125_0004
dnn_CIFAR100-rgb_1600-1600_0.000125_0005
dnn_CIFAR100-rgb_1600-1600_0.00015000000000000001_0001
dnn_CIFAR100-rgb_1600-1600_0.00015000000000000001_0002
dnn_CIFAR100-rgb_1600-1600_0.00015000000000000001_0003
dnn_CIFAR100-rgb_1600-1600_0.00015000000000000001_0004, 24.779998779296875, , 976, 976, 596,, -, -, -,, 10868.606788635254,, neuron, off,, 2990,,,1730,1260
dnn_CIFAR100-rgb_1600-1600_0.00015000000000000001_0005, 24.799999237060547, , 948, 948, 620,, -, -, -,, 10800.068852901459,, neuron, off,, 2992,,,1719,1273
dnn_CIFAR100-rgb_1600-1600_0.000175_0001, 24.0, , 950, 950, 621,, -, -, -,, 10800.081843137741,, neuron, off,, 3035,,,1746,1289
dnn_CIFAR100-rgb_1600-1600_0.000175_0002, 23.689998626708984, , 960, 960, 617,, -, -, -,, 10848.734362602234,, neuron, off,, 3018,,,1689,1329
dnn_CIFAR100-rgb_1600-1600_0.000175_0003, 23.799999237060547, , 954, 954, 623,, -, -, -,, 10800.019094705582,, neuron, off,, 3028,,,1752,1276
dnn_CIFAR100-rgb_1600-1600_0.000175_0004, 23.689998626708984, , 944, 944, 629,, -, -, -,, 10800.151965379715,, neuron, off,, 3029,,,1760,1269
dnn_CIFAR100-rgb_1600-1600_0.000175_0005, 23.8799991607666, , 945, 945, 632,, -, -, -,, 10800.086291074753,, neuron, off,, 3031,,,1749,1282
dnn_CIFAR100-rgb_1600-1600_0.0002_0001, 22.670000076293945, , 943, 943, 638,, -, -, -,, 10800.01147198677,, neuron, off,, 3072,,,1759,1313
dnn_CIFAR100-rgb_1600-1600_0.0002_0002, 23.34000015258789, , 939, 939, 638,, -, -, -,, 10800.082232952118,, neuron, off,, 3062,,,1751,1311
dnn_CIFAR100-rgb_1600-1600_0.0002_0003, 22.939998626708984, , 917, 917, 665,, -, -, -,, 10800.082540988922,, neuron, off,, 3062,,,1714,1348
dnn_CIFAR100-rgb_1600-1600_0.0002_0004, 22.709999084472656, , 920, 920, 659,, -, -, -,, 10807.235018014908,, neuron, off,, 3064,,,1720,1344
dnn_CIFAR100-rgb_1600-1600_0.0002_0005, 23.489999771118164, , 915, 915, 661,, -, -, -,, 10800.159007310867,, neuron, off,, 3069,,,1713,1356
