
dnn_CIFAR10-rgb_100-100_0.0_0001, 54.23999786376953, , 0, 0, 0,, 0, 0, 0,, 1462.4483859539032,, neuron, off,, 15,,,0,15
dnn_CIFAR10-rgb_100-100_0.0_0002, 54.34000015258789, , 0, 0, 0,, 0, 0, 0,, 1429.7480645179749,, neuron, off,, 16,,,0,16
dnn_CIFAR10-rgb_100-100_0.0_0003, 54.14999771118164, , 0, 0, 0,, 0, 0, 0,, 1509.121233701706,, neuron, off,, 11,,,0,11
dnn_CIFAR10-rgb_100-100_0.0_0004, 54.21999740600586, , 0, 0, 0,, 0, 0, 0,, 1512.3182616233826,, neuron, off,, 23,,,0,23
dnn_CIFAR10-rgb_100-100_0.0_0005, 54.64999771118164, , 0, 0, 0,, 0, 0, 0,, 1604.3253643512726,, neuron, off,, 13,,,0,13
dnn_CIFAR10-rgb_100-100_2.5e-05_0001, 53.05999755859375, , 0, 0, 0,, 0, 0, 0,, 2610.1149311065674,, neuron, off,, 3,,,0,3
dnn_CIFAR10-rgb_100-100_2.5e-05_0002, 53.25, , 0, 0, 0,, 0, 0, 0,, 2051.1625576019287,, neuron, off,, 0,,,0,0
dnn_CIFAR10-rgb_100-100_2.5e-05_0003, 53.349998474121094, , 0, 0, 0,, 0, 0, 0,, 2384.8563356399536,, neuron, off,, 1,,,0,1
dnn_CIFAR10-rgb_100-100_2.5e-05_0004, 54.88999938964844, , 0, 0, 0,, 0, 0, 0,, 1699.0569729804993,, neuron, off,, 5,,,0,5
dnn_CIFAR10-rgb_100-100_2.5e-05_0005, 54.619998931884766, , 0, 0, 0,, 0, 0, 0,, 1692.4725835323334,, neuron, off,, 4,,,0,4
dnn_CIFAR10-rgb_100-100_5e-05_0001, 53.459999084472656, , 0, 0, 61,, 0, 0, 0,, 1323.1195979118347,, neuron, off,, 63,,,1,62
dnn_CIFAR10-rgb_100-100_5e-05_0002, 53.18000030517578, , 0, 0, 62,, 0, 0, 0,, 1688.8991086483002,, neuron, off,, 62,,,0,62
dnn_CIFAR10-rgb_100-100_5e-05_0003, 54.05999755859375, , 0, 0, 61,, 0, 0, 0,, 1625.9789836406708,, neuron, off,, 62,,,0,62
dnn_CIFAR10-rgb_100-100_5e-05_0004, 54.05999755859375, , 0, 0, 58,, 0, 0, 0,, 1234.6451256275177,, neuron, off,, 59,,,0,59
dnn_CIFAR10-rgb_100-100_5e-05_0005, 53.029998779296875, , 0, 0, 65,, 0, 0, 0,, 1280.2547528743744,, neuron, off,, 67,,,0,67
dnn_CIFAR10-rgb_100-100_7.500000000000001e-05_0001, 53.15999984741211, , 0, 0, 65,, 0, 0, 0,, 1192.2417874336243,, neuron, off,, 66,,,0,66
dnn_CIFAR10-rgb_100-100_7.500000000000001e-05_0002, 52.099998474121094, , 1, 1, 70,, 0, 0, 3,, 1521.4925129413605,, neuron, off,, 76,,,2,74
dnn_CIFAR10-rgb_100-100_7.500000000000001e-05_0003, 52.30999755859375, , 1, 1, 68,, 0, 0, 0,, 1195.5457026958466,, neuron, off,, 69,,,1,68
dnn_CIFAR10-rgb_100-100_7.500000000000001e-05_0004, 53.37999725341797, , 2, 2, 62,, 0, 0, 0,, 1548.6525599956512,, neuron, off,, 64,,,2,62
dnn_CIFAR10-rgb_100-100_7.500000000000001e-05_0005, 52.5099983215332, , 0, 0, 72,, 0, 0, 0,, 1346.45933842659,, neuron, off,, 72,,,0,72
dnn_CIFAR10-rgb_100-100_0.0001_0001, 52.689998626708984, , 0, 0, 70,, 0, 0, 2,, 1296.2865891456604,, neuron, off,, 72,,,0,72
dnn_CIFAR10-rgb_100-100_0.0001_0002, 51.96999740600586, , 1, 1, 67,, 0, 0, 2,, 1447.9487404823303,, neuron, off,, 70,,,1,69
dnn_CIFAR10-rgb_100-100_0.0001_0003, 52.28999710083008, , 0, 0, 71,, 0, 0, 0,, 1483.052500486374,, neuron, off,, 71,,,0,71
dnn_CIFAR10-rgb_100-100_0.0001_0004, 52.52000045776367, , 1, 1, 68,, 0, 0, 5,, 1446.9117510318756,, neuron, off,, 74,,,1,73
dnn_CIFAR10-rgb_100-100_0.0001_0005, 51.88999938964844, , 0, 0, 73,, 0, 0, 5,, 1357.9547913074493,, neuron, off,, 78,,,0,78
dnn_CIFAR10-rgb_100-100_0.000125_0001, 51.849998474121094, , 3, 3, 66,, 0, 0, 7,, 1592.31227684021,, neuron, off,, 76,,,3,73
dnn_CIFAR10-rgb_100-100_0.000125_0002, 51.7599983215332, , 2, 2, 69,, 0, 0, 4,, 1535.2007615566254,, neuron, off,, 75,,,2,73
dnn_CIFAR10-rgb_100-100_0.000125_0003, 51.369998931884766, , 0, 0, 70,, 1, 1, 7,, 1616.5131251811981,, neuron, off,, 78,,,1,77
dnn_CIFAR10-rgb_100-100_0.000125_0004, 50.97999954223633, , 0, 0, 75,, 1, 1, 13,, 1410.5294017791748,, neuron, off,, 89,,,1,88
dnn_CIFAR10-rgb_100-100_0.000125_0005, 52.2599983215332, , 2, 2, 71,, 0, 0, 6,, 1499.7956025600433,, neuron, off,, 79,,,2,77
dnn_CIFAR10-rgb_100-100_0.00015000000000000001_0001, 51.13999938964844, , 2, 2, 71,, 0, 0, 7,, 1479.658392906189,, neuron, off,, 80,,,2,78
dnn_CIFAR10-rgb_100-100_0.00015000000000000001_0002, 50.29999923706055, , 0, 0, 78,, 1, 1, 5,, 1574.0403263568878,, neuron, off,, 84,,,1,83
dnn_CIFAR10-rgb_100-100_0.00015000000000000001_0003, 51.34000015258789, , 4, 4, 66,, 0, 0, 13,, 1672.113337278366,, neuron, off,, 83,,,4,79
dnn_CIFAR10-rgb_100-100_0.00015000000000000001_0004, 51.189998626708984, , 1, 1, 72,, 1, 1, 9,, 1530.9751749038696,, neuron, off,, 83,,,2,81
dnn_CIFAR10-rgb_100-100_0.00015000000000000001_0005, 50.98999786376953, , 3, 3, 69,, 2, 2, 5,, 1654.7850437164307,, neuron, off,, 79,,,5,74
dnn_CIFAR10-rgb_100-100_0.000175_0001, 50.349998474121094, , 5, 5, 70,, 1, 1, 13,, 1563.4354856014252,, neuron, off,, 89,,,6,83
dnn_CIFAR10-rgb_100-100_0.000175_0002, 50.09000015258789, , 1, 1, 76,, 3, 3, 17,, 1522.349592924118,, neuron, off,, 97,,,4,93
dnn_CIFAR10-rgb_100-100_0.000175_0003, 50.849998474121094, , 2, 2, 73,, 2, 2, 9,, 1398.617476940155,, neuron, off,, 86,,,4,82
dnn_CIFAR10-rgb_100-100_0.000175_0004, 50.709999084472656, , 2, 2, 69,, 4, 4, 17,, 1477.1154911518097,, neuron, off,, 92,,,6,86
dnn_CIFAR10-rgb_100-100_0.000175_0005, 50.09000015258789, , 7, 7, 67,, 3, 3, 13,, 1487.5362334251404,, neuron, off,, 90,,,10,80
dnn_CIFAR10-rgb_100-100_0.0002_0001, 49.97999954223633, , 6, 6, 70,, 7, 7, 15,, 1496.7513918876648,, neuron, off,, 98,,,13,85
dnn_CIFAR10-rgb_100-100_0.0002_0002, 50.15999984741211, , 3, 3, 73,, 3, 3, 14,, 1512.1295065879822,, neuron, off,, 93,,,6,87
dnn_CIFAR10-rgb_100-100_0.0002_0003, 50.56999969482422, , 2, 2, 74,, 1, 1, 20,, 1435.8956744670868,, neuron, off,, 97,,,3,94
dnn_CIFAR10-rgb_100-100_0.0002_0004, 50.55999755859375, , 5, 5, 70,, 4, 4, 13,, 1092.437524318695,, neuron, off,, 92,,,9,83
dnn_CIFAR10-rgb_100-100_0.0002_0005, 49.07999801635742, , 1, 1, 75,, 3, 3, 21,, 1398.8518829345703,, neuron, off,, 100,,,4,96
dnn_CIFAR10-rgb_100-100_0.00022500000000000002_0001, 49.349998474121094, , 5, 5, 72,, 6, 6, 18,, 1464.2518332004547,, neuron, off,, 101,,,11,90
dnn_CIFAR10-rgb_100-100_0.00022500000000000002_0002, 49.07999801635742, , 2, 2, 72,, 3, 3, 25,, 1482.2581768035889,, neuron, off,, 102,,,5,97
dnn_CIFAR10-rgb_100-100_0.00022500000000000002_0003, 49.79999923706055, , 1, 1, 74,, 5, 5, 15,, 1617.1013188362122,, neuron, off,, 95,,,6,89
dnn_CIFAR10-rgb_100-100_0.00022500000000000002_0004, 50.07999801635742, , 4, 4, 73,, 8, 8, 13,, 1578.5370635986328,, neuron, off,, 98,,,12,86
dnn_CIFAR10-rgb_100-100_0.00022500000000000002_0005, 49.47999954223633, , 3, 3, 72,, 4, 4, 15,, 1488.4363956451416,, neuron, off,, 95,,,8,87
dnn_CIFAR10-rgb_100-100_0.00025_0001, 48.959999084472656, , 8, 8, 70,, 10, 10, 21,, 1194.388812303543,, neuron, off,, 109,,,18,91
dnn_CIFAR10-rgb_100-100_0.00025_0002, 48.619998931884766, , 4, 4, 78,, 11, 11, 15,, 1491.6878340244293,, neuron, off,, 108,,,15,93
dnn_CIFAR10-rgb_100-100_0.00025_0003, 48.22999954223633, , 8, 8, 72,, 14, 14, 18,, 1573.134395122528,, neuron, off,, 112,,,22,90
dnn_CIFAR10-rgb_100-100_0.00025_0004, 48.18000030517578, , 5, 5, 75,, 12, 12, 13,, 1169.8890237808228,, neuron, off,, 105,,,17,88
dnn_CIFAR10-rgb_100-100_0.00025_0005, 48.63999938964844, , 5, 5, 74,, 14, 14, 21,, 1609.4375545978546,, neuron, off,, 114,,,19,95
dnn_CIFAR10-rgb_100-100_0.000275_0001, 47.71999740600586, , 7, 7, 75,, 11, 11, 24,, 1324.8968200683594,, neuron, off,, 117,,,18,99
dnn_CIFAR10-rgb_100-100_0.000275_0002, 48.369998931884766, , 4, 4, 75,, 9, 9, 13,, 1500.014673948288,, neuron, off,, 101,,,13,88
dnn_CIFAR10-rgb_100-100_0.000275_0003, 47.47999954223633, , 5, 5, 77,, 14, 14, 20,, 1314.7814309597015,, neuron, off,, 116,,,19,97
dnn_CIFAR10-rgb_100-100_0.000275_0004, 48.18000030517578, , 6, 6, 74,, 9, 9, 13,, 1295.322916984558,, neuron, off,, 102,,,15,87
dnn_CIFAR10-rgb_100-100_0.000275_0005, 48.209999084472656, , 1, 1, 81,, 16, 16, 16,, 1320.34263920784,, neuron, off,, 114,,,17,97
dnn_CIFAR10-rgb_100-100_0.00030000000000000003_0001, 47.68000030517578, , 6, 6, 77,, 8, 8, 26,, 1348.4000005722046,, neuron, off,, 117,,,14,103
dnn_CIFAR10-rgb_100-100_0.00030000000000000003_0002, 46.849998474121094, , 1, 1, 84,, 13, 13, 19,, 1252.8986649513245,, neuron, off,, 117,,,14,103
dnn_CIFAR10-rgb_100-100_0.00030000000000000003_0003, 48.55999755859375, , 5, 5, 74,, 4, 4, 31,, 1414.374519109726,, neuron, off,, 114,,,9,105
dnn_CIFAR10-rgb_100-100_0.00030000000000000003_0004, 47.90999984741211, , 3, 3, 79,, 17, 17, 20,, 1264.2390928268433,, neuron, off,, 119,,,20,99
dnn_CIFAR10-rgb_100-100_0.00030000000000000003_0005, 47.81999969482422, , 7, 7, 72,, 12, 12, 25,, 1406.4512519836426,, neuron, off,, 117,,,19,98
dnn_CIFAR10-rgb_100-100_0.00032500000000000004_0001, 47.25, , 5, 5, 79,, 15, 15, 29,, 1229.4674634933472,, neuron, off,, 128,,,20,108
dnn_CIFAR10-rgb_100-100_0.00032500000000000004_0002, 47.40999984741211, , 8, 8, 73,, 18, 18, 30,, 1346.1101987361908,, neuron, off,, 129,,,26,103
dnn_CIFAR10-rgb_100-100_0.00032500000000000004_0003, 47.21999740600586, , 5, 5, 77,, 11, 11, 27,, 1358.5293922424316,, neuron, off,, 120,,,16,104
dnn_CIFAR10-rgb_100-100_0.00032500000000000004_0004, 46.78999710083008, , 8, 8, 76,, 15, 15, 22,, 1444.495498418808,, neuron, off,, 121,,,23,98
dnn_CIFAR10-rgb_100-100_0.00032500000000000004_0005, 47.2599983215332, , 10, 10, 74,, 21, 21, 19,, 1190.8170094490051,, neuron, off,, 124,,,31,93
dnn_CIFAR10-rgb_100-100_0.00035_0001, 47.14999771118164, , 4, 4, 78,, 18, 18, 29,, 1298.9501502513885,, neuron, off,, 129,,,22,107
dnn_CIFAR10-rgb_100-100_0.00035_0002, 47.41999816894531, , 5, 5, 78,, 18, 18, 24,, 1322.9307661056519,, neuron, off,, 125,,,23,102
dnn_CIFAR10-rgb_100-100_0.00035_0003, 47.59000015258789, , 2, 2, 80,, 12, 12, 31,, 1468.2797992229462,, neuron, off,, 125,,,14,111
dnn_CIFAR10-rgb_100-100_0.00035_0004, 46.959999084472656, , 8, 8, 74,, 21, 21, 25,, 1355.383708000183,, neuron, off,, 128,,,29,99
dnn_CIFAR10-rgb_100-100_0.00035_0005, 46.90999984741211, , 2, 2, 81,, 15, 15, 31,, 1344.8976829051971,, neuron, off,, 129,,,17,112
dnn_CIFAR10-rgb_100-100_0.000375_0001, 47.39999771118164, , 4, 4, 77,, 21, 21, 24,, 1315.6995928287506,, neuron, off,, 126,,,25,101
dnn_CIFAR10-rgb_100-100_0.000375_0002, 46.82999801635742, , 5, 5, 79,, 23, 23, 32,, 1286.068430185318,, neuron, off,, 139,,,28,111
dnn_CIFAR10-rgb_100-100_0.000375_0003, 46.459999084472656, , 9, 9, 76,, 17, 17, 31,, 1451.3038883209229,, neuron, off,, 133,,,26,107
dnn_CIFAR10-rgb_100-100_0.000375_0004, 46.47999954223633, , 5, 5, 80,, 15, 15, 33,, 1226.0882019996643,, neuron, off,, 133,,,20,113
dnn_CIFAR10-rgb_100-100_0.000375_0005, 46.79999923706055, , 6, 6, 78,, 18, 18, 32,, 1260.2396609783173,, neuron, off,, 134,,,24,110
dnn_CIFAR10-rgb_100-100_0.0004_0001, 46.349998474121094, , 7, 7, 75,, 11, 11, 41,, 1041.3978276252747,, neuron, off,, 134,,,18,116
dnn_CIFAR10-rgb_100-100_0.0004_0002, 45.84000015258789, , 5, 5, 82,, 21, 21, 29,, 971.6854822635651,, neuron, off,, 137,,,26,111
dnn_CIFAR10-rgb_100-100_0.0004_0003, 46.619998931884766, , 8, 8, 76,, 28, 28, 26,, 1248.898184299469,, neuron, off,, 138,,,36,102
dnn_CIFAR10-rgb_100-100_0.0004_0004, 46.34000015258789, , 9, 9, 77,, 17, 17, 34,, 1418.8179564476013,, neuron, off,, 137,,,26,111
dnn_CIFAR10-rgb_100-100_0.0004_0005, 46.22999954223633, , 6, 6, 79,, 16, 16, 34,, 1225.3351805210114,, neuron, off,, 135,,,22,113
dnn_CIFAR10-rgb_200-200_0.0_0001, 56.89999771118164, , 0, 0, 0,, 0, 0, 0,, 4079.30668759346,, neuron, off,, 14,,,0,14
dnn_CIFAR10-rgb_200-200_0.0_0002, 56.75, , 0, 0, 0,, 0, 0, 0,, 3983.6127026081085,, neuron, off,, 11,,,0,11
dnn_CIFAR10-rgb_200-200_0.0_0003, 57.11000061035156, , 0, 0, 0,, 0, 0, 0,, 4154.863394021988,, neuron, off,, 18,,,0,18
dnn_CIFAR10-rgb_200-200_0.0_0004, 56.81999969482422, , 0, 0, 0,, 0, 0, 0,, 4364.767443180084,, neuron, off,, 8,,,0,8
dnn_CIFAR10-rgb_200-200_0.0_0005, 56.599998474121094, , 0, 0, 0,, 0, 0, 0,, 4157.431092977524,, neuron, off,, 12,,,0,12
dnn_CIFAR10-rgb_200-200_2.5e-05_0001, 56.66999816894531, , 0, 0, 0,, 0, 0, 0,, 4604.3137221336365,, neuron, off,, 6,,,0,6
dnn_CIFAR10-rgb_200-200_2.5e-05_0002, 56.709999084472656, , 0, 0, 0,, 0, 0, 0,, 4740.992850780487,, neuron, off,, 1,,,0,1
dnn_CIFAR10-rgb_200-200_2.5e-05_0003, 57.439998626708984, , 0, 0, 0,, 0, 0, 0,, 4724.475914239883,, neuron, off,, 1,,,0,1
dnn_CIFAR10-rgb_200-200_2.5e-05_0004, 57.29999923706055, , 0, 0, 0,, 0, 0, 0,, 4792.772705554962,, neuron, off,, 4,,,1,3
dnn_CIFAR10-rgb_200-200_2.5e-05_0005, 56.05999755859375, , 0, 0, 0,, 0, 0, 0,, 4800.827258348465,, neuron, off,, 5,,,0,5
dnn_CIFAR10-rgb_200-200_5e-05_0001, 56.709999084472656, , 3, 3, 113,, 0, 0, 0,, 5321.467349290848,, neuron, off,, 117,,,4,113
dnn_CIFAR10-rgb_200-200_5e-05_0002, 55.779998779296875, , 2, 2, 122,, 0, 0, 0,, 5198.02460026741,, neuron, off,, 125,,,3,122
dnn_CIFAR10-rgb_200-200_5e-05_0003, 55.98999786376953, , 1, 1, 116,, 0, 0, 0,, 5675.429521083832,, neuron, off,, 117,,,1,116
dnn_CIFAR10-rgb_200-200_5e-05_0004, 56.5, , 3, 3, 111,, 0, 0, 0,, 5380.324676513672,, neuron, off,, 118,,,5,113
dnn_CIFAR10-rgb_200-200_5e-05_0005, 56.36000061035156, , 3, 3, 104,, 0, 0, 0,, 5452.852306365967,, neuron, off,, 109,,,5,104
dnn_CIFAR10-rgb_200-200_7.500000000000001e-05_0001, 55.30999755859375, , 6, 6, 128,, 0, 0, 3,, 5196.746442079544,, neuron, off,, 139,,,6,133
dnn_CIFAR10-rgb_200-200_7.500000000000001e-05_0002, 55.72999954223633, , 10, 10, 127,, 0, 0, 1,, 6422.903696537018,, neuron, off,, 139,,,11,128
dnn_CIFAR10-rgb_200-200_7.500000000000001e-05_0003, 55.779998779296875, , 8, 8, 134,, 0, 0, 4,, 6948.516275644302,, neuron, off,, 146,,,8,138
dnn_CIFAR10-rgb_200-200_7.500000000000001e-05_0004, 55.23999786376953, , 16, 16, 117,, 0, 0, 0,, 5828.904079914093,, neuron, off,, 134,,,16,118
dnn_CIFAR10-rgb_200-200_7.500000000000001e-05_0005, 55.31999969482422, , 10, 10, 132,, 0, 0, 3,, 6980.859304904938,, neuron, off,, 145,,,10,135
dnn_CIFAR10-rgb_200-200_0.0001_0001, 54.03999710083008, , 10, 10, 149,, 2, 2, 12,, 8067.865943908691,, neuron, off,, 173,,,12,161
dnn_CIFAR10-rgb_200-200_0.0001_0002, 54.14999771118164, , 10, 10, 139,, 1, 1, 9,, 8333.632365703583,, neuron, off,, 157,,,10,147
dnn_CIFAR10-rgb_200-200_0.0001_0003, 54.40999984741211, , 10, 10, 136,, 0, 0, 14,, 10366.903711557388,, neuron, off,, 154,,,10,144
dnn_CIFAR10-rgb_200-200_0.0001_0004, 54.87999725341797, , 9, 9, 136,, 0, 0, 13,, 7389.869450807571,, neuron, off,, 158,,,9,149
dnn_CIFAR10-rgb_200-200_0.0001_0005, 54.05999755859375, , 16, 16, 139,, 0, 0, 10,, 8989.898658752441,, neuron, off,, 165,,,16,149
dnn_CIFAR10-rgb_200-200_0.000125_0001, 52.80999755859375, , 18, 18, 143,, 6, 6, 24,, 8038.584990024567,, neuron, off,, 191,,,24,167
dnn_CIFAR10-rgb_200-200_0.000125_0002, 53.54999923706055, , 11, 11, 143,, 7, 7, 23,, 6882.760421037674,, neuron, off,, 185,,,18,167
dnn_CIFAR10-rgb_200-200_0.000125_0003, 53.03999710083008, , 21, 21, 140,, 6, 6, 29,, 5684.149456501007,, neuron, off,, 196,,,27,169
dnn_CIFAR10-rgb_200-200_0.000125_0004, 53.599998474121094, , 13, 13, 146,, 6, 6, 29,, 9447.94252204895,, neuron, off,, 193,,,19,174
dnn_CIFAR10-rgb_200-200_0.000125_0005, 53.37999725341797, , 23, 23, 133,, 11, 11, 29,, 6866.649533510208,, neuron, off,, 196,,,34,162
dnn_CIFAR10-rgb_200-200_0.00015000000000000001_0001, 50.63999938964844, , 12, 12, 154,, 16, 16, 32,, 7327.878122806549,, neuron, off,, 215,,,28,187
dnn_CIFAR10-rgb_200-200_0.00015000000000000001_0002, 52.15999984741211, , 15, 15, 144,, 18, 18, 33,, 6396.690448760986,, neuron, off,, 212,,,34,178
dnn_CIFAR10-rgb_200-200_0.00015000000000000001_0003, 52.38999938964844, , 22, 22, 142,, 19, 19, 29,, 6538.066369771957,, neuron, off,, 212,,,41,171
dnn_CIFAR10-rgb_200-200_0.00015000000000000001_0004, 51.869998931884766, , 17, 17, 145,, 18, 18, 43,, 6387.638148784637,, neuron, off,, 223,,,35,188
dnn_CIFAR10-rgb_200-200_0.00015000000000000001_0005, 52.25, , 25, 25, 139,, 15, 15, 44,, 6757.006461143494,, neuron, off,, 223,,,40,183
dnn_CIFAR10-rgb_200-200_0.000175_0001, 50.97999954223633, , 20, 20, 147,, 29, 29, 46,, 6145.001778125763,, neuron, off,, 242,,,49,193
dnn_CIFAR10-rgb_200-200_0.000175_0002, 50.939998626708984, , 21, 21, 148,, 31, 31, 38,, 7439.9051151275635,, neuron, off,, 238,,,52,186
dnn_CIFAR10-rgb_200-200_0.000175_0003, 50.91999816894531, , 19, 19, 149,, 21, 21, 61,, 6666.414994239807,, neuron, off,, 250,,,40,210
dnn_CIFAR10-rgb_200-200_0.000175_0004, 51.79999923706055, , 14, 14, 155,, 22, 22, 45,, 5982.716901540756,, neuron, off,, 236,,,36,200
dnn_CIFAR10-rgb_200-200_0.000175_0005, 51.5, , 22, 22, 146,, 25, 25, 48,, 8067.892543554306,, neuron, off,, 242,,,47,195
dnn_CIFAR10-rgb_200-200_0.0002_0001, 50.64999771118164, , 16, 16, 154,, 32, 32, 63,, 6590.25310921669,, neuron, off,, 266,,,48,218
dnn_CIFAR10-rgb_200-200_0.0002_0002, 50.28999710083008, , 19, 19, 154,, 43, 43, 48,, 6697.882230758667,, neuron, off,, 264,,,62,202
dnn_CIFAR10-rgb_200-200_0.0002_0003, 50.30999755859375, , 15, 15, 153,, 38, 38, 56,, 5690.299167871475,, neuron, off,, 262,,,53,209
dnn_CIFAR10-rgb_200-200_0.0002_0004, 50.37999725341797, , 19, 19, 151,, 41, 41, 54,, 6517.047784328461,, neuron, off,, 265,,,60,205
dnn_CIFAR10-rgb_200-200_0.0002_0005, 50.31999969482422, , 23, 23, 148,, 40, 40, 52,, 7533.492515087128,, neuron, off,, 265,,,65,200
dnn_CIFAR10-rgb_400-400_0.0_0001, 58.869998931884766, , 0, 0, 0,, -, -, -,, 10800.027415275574,, neuron, off,, 6,,,0,6
dnn_CIFAR10-rgb_400-400_0.0_0002, 58.48999786376953, , 0, 0, 0,, -, -, -,, 10803.253873109818,, neuron, off,, 20,,,0,20
dnn_CIFAR10-rgb_400-400_0.0_0003, 58.779998779296875, , 0, 0, 0,, -, -, -,, 10822.881810426712,, neuron, off,, 5,,,0,5
dnn_CIFAR10-rgb_400-400_0.0_0004, 58.73999786376953, , 0, 0, 0,, -, -, -,, 10800.05133152008,, neuron, off,, 9,,,0,9
dnn_CIFAR10-rgb_400-400_0.0_0005, 58.72999954223633, , 0, 0, 0,, -, -, -,, 10826.125921964645,, neuron, off,, 9,,,0,9
dnn_CIFAR10-rgb_400-400_2.5e-05_0001, 59.07999801635742, , 0, 0, 0,, -, -, -,, 10810.668447494507,, neuron, off,, 1,,,0,1
dnn_CIFAR10-rgb_400-400_2.5e-05_0002, 59.05999755859375, , 0, 0, 0,, -, -, -,, 10800.029579877853,, neuron, off,, 4,,,0,4
dnn_CIFAR10-rgb_400-400_2.5e-05_0003
dnn_CIFAR10-rgb_400-400_2.5e-05_0004, 59.93000030517578, , 0, 0, 0,, -, -, -,, 10800.063759565353,, neuron, off,, 3,,,0,3
dnn_CIFAR10-rgb_400-400_2.5e-05_0005, 58.869998931884766, , 0, 0, 0,, -, -, -,, 10800.04471731186,, neuron, off,, 3,,,0,3
dnn_CIFAR10-rgb_400-400_5e-05_0001, 58.18000030517578, , 21, 21, 221,, -, -, -,, 10800.026269674301,, neuron, off,, 245,,,23,222
dnn_CIFAR10-rgb_400-400_5e-05_0002, 58.23999786376953, , 25, 25, 217,, -, -, -,, 10800.023639202118,, neuron, off,, 242,,,25,217
dnn_CIFAR10-rgb_400-400_5e-05_0003, 58.29999923706055, , 21, 21, 215,, -, -, -,, 10811.931410312653,, neuron, off,, 239,,,23,216
dnn_CIFAR10-rgb_400-400_5e-05_0004
dnn_CIFAR10-rgb_400-400_5e-05_0005, 58.02000045776367, , 21, 21, 224,, -, -, -,, 10800.031258821487,, neuron, off,, 250,,,25,225
dnn_CIFAR10-rgb_400-400_7.500000000000001e-05_0001, 56.37999725341797, , 35, 35, 276,, -, -, -,, 10827.589344501495,, neuron, off,, 336,,,38,298
dnn_CIFAR10-rgb_400-400_7.500000000000001e-05_0002, 56.119998931884766, , 43, 43, 260,, -, -, -,, 10817.195216655731,, neuron, off,, 338,,,47,291
dnn_CIFAR10-rgb_400-400_7.500000000000001e-05_0003, 56.07999801635742, , 42, 42, 270,, -, -, -,, 10808.809850215912,, neuron, off,, 343,,,50,293
dnn_CIFAR10-rgb_400-400_7.500000000000001e-05_0004, 55.939998626708984, , 47, 47, 272,, -, -, -,, 10800.009101390839,, neuron, off,, 345,,,51,294
dnn_CIFAR10-rgb_400-400_7.500000000000001e-05_0005
dnn_CIFAR10-rgb_400-400_0.0001_0001, 54.75, , 64, 64, 275,, -, -, -,, 10820.176654100418,, neuron, off,, 451,,,99,352
dnn_CIFAR10-rgb_400-400_0.0001_0002, 55.369998931884766, , 49, 49, 285,, -, -, -,, 10800.062935829163,, neuron, off,, 436,,,81,355
dnn_CIFAR10-rgb_400-400_0.0001_0003, 54.73999786376953, , 52, 52, 283,, -, -, -,, 10800.04232764244,, neuron, off,, 444,,,97,347
dnn_CIFAR10-rgb_400-400_0.0001_0004, 54.97999954223633, , 59, 59, 278,, -, -, -,, 10800.00672674179,, neuron, off,, 463,,,99,364
dnn_CIFAR10-rgb_400-400_0.0001_0005, 55.02000045776367, , 39, 39, 300,, -, -, -,, 10800.107426166534,, neuron, off,, 463,,,76,387
dnn_CIFAR10-rgb_400-400_0.000125_0001
dnn_CIFAR10-rgb_400-400_0.000125_0002
dnn_CIFAR10-rgb_400-400_0.000125_0003, 53.779998779296875, , 55, 55, 294,, -, -, -,, 10800.034835577011,, neuron, off,, 513,,,127,386
dnn_CIFAR10-rgb_400-400_0.000125_0004, 53.36000061035156, , 69, 69, 284,, -, -, -,, 10817.06940627098,, neuron, off,, 531,,,148,383
dnn_CIFAR10-rgb_400-400_0.000125_0005
dnn_CIFAR10-rgb_400-400_0.00015000000000000001_0001, 52.2599983215332, , 55, 55, 306,, -, -, -,, 10800.02515912056,, neuron, off,, 585,,,152,433
dnn_CIFAR10-rgb_400-400_0.00015000000000000001_0002
dnn_CIFAR10-rgb_400-400_0.00015000000000000001_0003, 51.529998779296875, , 74, 74, 289,, -, -, -,, 10818.845725536346,, neuron, off,, 596,,,186,410
dnn_CIFAR10-rgb_400-400_0.00015000000000000001_0004, 51.869998931884766, , 72, 72, 291,, -, -, -,, 10814.990584850311,, neuron, off,, 598,,,181,417
dnn_CIFAR10-rgb_400-400_0.00015000000000000001_0005, 51.66999816894531, , 66, 66, 293,, -, -, -,, 10808.15502667427,, neuron, off,, 578,,,157,421
dnn_CIFAR10-rgb_400-400_0.000175_0001, 50.2599983215332, , 71, 71, 297,, -, -, -,, 10800.039920330048,, neuron, off,, 624,,,189,435
dnn_CIFAR10-rgb_400-400_0.000175_0002, 51.32999801635742, , 72, 72, 293,, -, -, -,, 10848.324475288391,, neuron, off,, 614,,,187,427
dnn_CIFAR10-rgb_400-400_0.000175_0003
dnn_CIFAR10-rgb_400-400_0.000175_0004, 50.61000061035156, , 74, 74, 297,, -, -, -,, 10800.026960134506,, neuron, off,, 635,,,200,435
dnn_CIFAR10-rgb_400-400_0.000175_0005, 51.47999954223633, , 65, 65, 301,, -, -, -,, 10800.139541387558,, neuron, off,, 630,,,174,456
dnn_CIFAR10-rgb_400-400_0.0002_0001, 50.61000061035156, , 86, 86, 282,, -, -, -,, 10800.00470161438,, neuron, off,, 650,,,224,426
dnn_CIFAR10-rgb_400-400_0.0002_0002, 50.279998779296875, , 73, 73, 299,, -, -, -,, 10800.068910121918,, neuron, off,, 664,,,211,453
dnn_CIFAR10-rgb_400-400_0.0002_0003, 49.84000015258789, , 69, 69, 302,, -, -, -,, 10813.51424241066,, neuron, off,, 651,,,194,457
dnn_CIFAR10-rgb_400-400_0.0002_0004
dnn_CIFAR10-rgb_400-400_0.0002_0005, 50.209999084472656, , 93, 93, 279,, -, -, -,, 10800.035095214844,, neuron, off,, 650,,,214,436
dnn_CIFAR10-rgb_800-800_0.0_0001, 60.59000015258789, , 0, 0, 0,, -, -, -,, 10800.092129707336,, neuron, off,, 6,,,0,6
dnn_CIFAR10-rgb_800-800_0.0_0002, 60.30999755859375, , 0, 0, 0,, -, -, -,, 10800.090148210526,, neuron, off,, 2,,,0,2
dnn_CIFAR10-rgb_800-800_0.0_0003, 60.2599983215332, , 0, 0, 0,, -, -, -,, 10800.074059963226,, neuron, off,, 5,,,0,5
dnn_CIFAR10-rgb_800-800_0.0_0004, 60.09000015258789, , 0, 0, 0,, -, -, -,, 10808.98341846466,, neuron, off,, 6,,,0,6
dnn_CIFAR10-rgb_800-800_0.0_0005
dnn_CIFAR10-rgb_800-800_2.5e-05_0001
dnn_CIFAR10-rgb_800-800_2.5e-05_0002, 60.54999923706055, , 0, 0, 0,, -, -, -,, 10803.601369857788,, neuron, off,, 1,,,0,1
dnn_CIFAR10-rgb_800-800_2.5e-05_0003, 60.43000030517578, , 0, 0, 0,, -, -, -,, 10835.598733186722,, neuron, off,, 0,,,0,0
dnn_CIFAR10-rgb_800-800_2.5e-05_0004, 60.2599983215332, , 0, 0, 0,, -, -, -,, 10800.084696054459,, neuron, off,, 2,,,0,2
dnn_CIFAR10-rgb_800-800_2.5e-05_0005, 60.06999969482422, , 0, 0, 0,, -, -, -,, 10800.060861587524,, neuron, off,, 2,,,0,2
dnn_CIFAR10-rgb_800-800_5e-05_0001
dnn_CIFAR10-rgb_800-800_5e-05_0002
dnn_CIFAR10-rgb_800-800_5e-05_0003, 58.53999710083008, , 140, 140, 385,, -, -, -,, 10850.277065515518,, neuron, off,, 539,,,138,401
dnn_CIFAR10-rgb_800-800_5e-05_0004, 58.41999816894531, , 122, 122, 422,, -, -, -,, 10816.696396112442,, neuron, off,, 564,,,121,443
dnn_CIFAR10-rgb_800-800_5e-05_0005, 58.0099983215332, , 112, 112, 415,, -, -, -,, 10838.032105207443,, neuron, off,, 537,,,109,428
dnn_CIFAR10-rgb_800-800_7.500000000000001e-05_0001, 56.5099983215332, , 204, 204, 500,, -, -, -,, 10806.619928121567,, neuron, off,, 1026,,,336,690
dnn_CIFAR10-rgb_800-800_7.500000000000001e-05_0002
dnn_CIFAR10-rgb_800-800_7.500000000000001e-05_0003
dnn_CIFAR10-rgb_800-800_7.500000000000001e-05_0004, 56.38999938964844, , 218, 218, 482,, -, -, -,, 10800.091044187546,, neuron, off,, 1006,,,346,660
dnn_CIFAR10-rgb_800-800_7.500000000000001e-05_0005, 56.11000061035156, , 201, 201, 488,, -, -, -,, 10800.005731582642,, neuron, off,, 989,,,321,668
dnn_CIFAR10-rgb_800-800_0.0001_0001, 54.39999771118164, , 247, 247, 495,, -, -, -,, 10800.018458366394,, neuron, off,, 1231,,,466,765
dnn_CIFAR10-rgb_800-800_0.0001_0002, 54.5, , 238, 238, 497,, -, -, -,, 10810.170131444931,, neuron, off,, 1202,,,433,769
dnn_CIFAR10-rgb_800-800_0.0001_0003
dnn_CIFAR10-rgb_800-800_0.0001_0004
dnn_CIFAR10-rgb_800-800_0.0001_0005, 54.849998474121094, , 240, 240, 502,, -, -, -,, 10800.25118803978,, neuron, off,, 1211,,,445,766
dnn_CIFAR10-rgb_800-800_0.000125_0001, 53.11000061035156, , 234, 234, 520,, -, -, -,, 12923.72557926178,, neuron, off,, 1326,,,510,816
dnn_CIFAR10-rgb_800-800_0.000125_0002, 52.80999755859375, , 259, 259, 493,, -, -, -,, 11225.436352491379,, neuron, off,, 1323,,,515,808
dnn_CIFAR10-rgb_800-800_0.000125_0003, 53.88999938964844, , 234, 234, 517,, -, -, -,, 10800.048763036728,, neuron, off,, 1327,,,478,849
dnn_CIFAR10-rgb_800-800_0.000125_0004
dnn_CIFAR10-rgb_800-800_0.000125_0005
dnn_CIFAR10-rgb_800-800_0.00015000000000000001_0001, 51.5, , 255, 255, 506,, -, -, -,, 11174.599402427673,, neuron, off,, 1381,,,556,825
dnn_CIFAR10-rgb_800-800_0.00015000000000000001_0002, 51.64999771118164, , 247, 247, 517,, -, -, -,, 10837.157161474228,, neuron, off,, 1379,,,536,843
dnn_CIFAR10-rgb_800-800_0.00015000000000000001_0003, 51.96999740600586, , 249, 249, 514,, -, -, -,, 10800.037558317184,, neuron, off,, 1396,,,554,842
dnn_CIFAR10-rgb_800-800_0.00015000000000000001_0004, 52.28999710083008, , 255, 255, 507,, -, -, -,, 10826.159317016602,, neuron, off,, 1377,,,545,832
dnn_CIFAR10-rgb_800-800_0.00015000000000000001_0005
dnn_CIFAR10-rgb_800-800_0.000175_0001
dnn_CIFAR10-rgb_800-800_0.000175_0002, 50.779998779296875, , 283, 283, 490,, -, -, -,, 10800.002428293228,, neuron, off,, 1424,,,601,823
dnn_CIFAR10-rgb_800-800_0.000175_0003, 50.029998779296875, , 254, 254, 515,, -, -, -,, 10848.530910253525,, neuron, off,, 1414,,,560,854
dnn_CIFAR10-rgb_800-800_0.000175_0004, 50.73999786376953, , 269, 269, 500,, -, -, -,, 10813.346405029297,, neuron, off,, 1428,,,599,829
dnn_CIFAR10-rgb_800-800_0.000175_0005, 51.0099983215332, , 261, 261, 506,, -, -, -,, 10930.154723644257,, neuron, off,, 1427,,,591,836
dnn_CIFAR10-rgb_800-800_0.0002_0001
dnn_CIFAR10-rgb_800-800_0.0002_0002
dnn_CIFAR10-rgb_800-800_0.0002_0003, 50.18000030517578, , 275, 275, 494,, -, -, -,, 10800.04181265831,, neuron, off,, 1448,,,626,822
dnn_CIFAR10-rgb_800-800_0.0002_0004, 50.099998474121094, , 292, 292, 479,, -, -, -,, 10800.045966863632,, neuron, off,, 1463,,,647,816
dnn_CIFAR10-rgb_800-800_0.0002_0005, 50.36000061035156, , 293, 293, 482,, -, -, -,, 10800.024730682373,, neuron, off,, 1449,,,639,810
dnn_CIFAR10-rgb_100-100-100_0.0_0001, 54.439998626708984, , 0, 0, 0,, 0, 0, 0,, 0, 0, 0,, 4067.3651401996613,, neuron, off,, 11,,,0,11
dnn_CIFAR10-rgb_100-100-100_0.0_0002, 52.71999740600586, , 0, 0, 0,, 0, 0, 0,, 0, 0, 0,, 4245.850036859512,, neuron, off,, 26,,,0,26
dnn_CIFAR10-rgb_100-100-100_0.0_0003, 54.09000015258789, , 0, 0, 0,, 0, 0, 0,, 0, 0, 0,, 4212.687906265259,, neuron, off,, 18,,,0,18
dnn_CIFAR10-rgb_100-100-100_0.0_0004, 53.84000015258789, , 0, 0, 0,, 0, 0, 0,, 0, 0, 0,, 5430.359948396683,, neuron, off,, 9,,,0,9
dnn_CIFAR10-rgb_100-100-100_0.0_0005, 53.55999755859375, , 0, 0, 0,, 0, 0, 0,, 0, 0, 0,, 5115.386177062988,, neuron, off,, 20,,,0,20
dnn_CIFAR10-rgb_100-100-100_2.5e-05_0001, 54.529998779296875, , 0, 0, 0,, 0, 0, 0,, 0, 0, 0,, 5809.277389287949,, neuron, off,, 2,,,0,2
dnn_CIFAR10-rgb_100-100-100_2.5e-05_0002, 54.69999694824219, , 0, 0, 0,, 0, 0, 0,, 0, 0, 0,, 5732.941916942596,, neuron, off,, 2,,,0,2
dnn_CIFAR10-rgb_100-100-100_2.5e-05_0003, 54.27000045776367, , 0, 0, 0,, 0, 0, 0,, 0, 0, 0,, 5706.527535438538,, neuron, off,, 0,,,0,0
dnn_CIFAR10-rgb_100-100-100_2.5e-05_0004, 53.87999725341797, , 0, 0, 0,, 0, 0, 0,, 0, 0, 0,, 6148.253953933716,, neuron, off,, 9,,,0,9
dnn_CIFAR10-rgb_100-100-100_2.5e-05_0005, 55.0, , 0, 0, 0,, 0, 0, 0,, 0, 0, 0,, 5470.314402103424,, neuron, off,, 3,,,0,3
dnn_CIFAR10-rgb_100-100-100_5e-05_0001, 53.79999923706055, , 1, 1, 65,, 0, 0, 0,, 0, 0, 0,, 4381.32247543335,, neuron, off,, 66,,,1,65
dnn_CIFAR10-rgb_100-100-100_5e-05_0002, 54.29999923706055, , 0, 0, 65,, 0, 0, 0,, 0, 0, 0,, 4393.0981187820435,, neuron, off,, 65,,,0,65
dnn_CIFAR10-rgb_100-100-100_5e-05_0003, 53.93000030517578, , 1, 1, 69,, 0, 0, 1,, 0, 0, 0,, 4294.239329099655,, neuron, off,, 72,,,1,71
dnn_CIFAR10-rgb_100-100-100_5e-05_0004, 53.61000061035156, , 0, 0, 66,, 0, 0, 0,, 0, 0, 0,, 4308.40927696228,, neuron, off,, 68,,,1,67
dnn_CIFAR10-rgb_100-100-100_5e-05_0005, 53.29999923706055, , 0, 0, 69,, 0, 0, 0,, 0, 0, 0,, 4067.2447197437286,, neuron, off,, 74,,,1,73
dnn_CIFAR10-rgb_100-100-100_7.500000000000001e-05_0001, 52.91999816894531, , 1, 1, 75,, 0, 0, 2,, 0, 0, 0,, 3745.751839876175,, neuron, off,, 81,,,1,80
dnn_CIFAR10-rgb_100-100-100_7.500000000000001e-05_0002, 53.849998474121094, , 0, 0, 70,, 0, 0, 2,, 0, 0, 0,, 3272.131701231003,, neuron, off,, 72,,,0,72
dnn_CIFAR10-rgb_100-100-100_7.500000000000001e-05_0003, 53.27000045776367, , 3, 3, 65,, 0, 0, 0,, 0, 0, 0,, 3912.5936181545258,, neuron, off,, 70,,,3,67
dnn_CIFAR10-rgb_100-100-100_7.500000000000001e-05_0004, 52.69999694824219, , 0, 0, 74,, 0, 0, 3,, 0, 0, 0,, 3685.297050714493,, neuron, off,, 79,,,0,79
dnn_CIFAR10-rgb_100-100-100_7.500000000000001e-05_0005, 53.939998626708984, , 1, 1, 61,, 0, 0, 0,, 0, 0, 0,, 3871.8659868240356,, neuron, off,, 62,,,1,61
dnn_CIFAR10-rgb_100-100-100_0.0001_0001, 53.369998931884766, , 2, 2, 70,, 0, 0, 6,, 0, 0, 0,, 3584.0827915668488,, neuron, off,, 78,,,2,76
dnn_CIFAR10-rgb_100-100-100_0.0001_0002, 53.02000045776367, , 0, 0, 70,, 0, 0, 5,, 0, 0, 0,, 3451.774378299713,, neuron, off,, 76,,,0,76
dnn_CIFAR10-rgb_100-100-100_0.0001_0003, 53.78999710083008, , 0, 0, 68,, 0, 0, 1,, 0, 0, 0,, 3248.843807697296,, neuron, off,, 69,,,0,69
dnn_CIFAR10-rgb_100-100-100_0.0001_0004, 53.459999084472656, , 3, 3, 65,, 0, 0, 5,, 0, 0, 0,, 3574.214791536331,, neuron, off,, 75,,,3,72
dnn_CIFAR10-rgb_100-100-100_0.0001_0005, 52.32999801635742, , 1, 1, 78,, 0, 0, 8,, 0, 0, 0,, 3705.2670896053314,, neuron, off,, 88,,,1,87
dnn_CIFAR10-rgb_100-100-100_0.000125_0001, 52.28999710083008, , 1, 1, 70,, 0, 0, 5,, 0, 0, 3,, 3318.026332616806,, neuron, off,, 79,,,1,78
dnn_CIFAR10-rgb_100-100-100_0.000125_0002, 52.959999084472656, , 6, 6, 64,, 1, 1, 4,, 0, 0, 0,, 4040.6561563014984,, neuron, off,, 75,,,7,68
dnn_CIFAR10-rgb_100-100-100_0.000125_0003, 53.18000030517578, , 4, 4, 68,, 0, 0, 5,, 0, 0, 1,, 3927.343978404999,, neuron, off,, 78,,,4,74
dnn_CIFAR10-rgb_100-100-100_0.000125_0004, 51.939998626708984, , 1, 1, 75,, 0, 0, 10,, 0, 0, 1,, 3589.901437520981,, neuron, off,, 87,,,1,86
dnn_CIFAR10-rgb_100-100-100_0.000125_0005, 51.959999084472656, , 2, 2, 72,, 0, 0, 7,, 0, 0, 2,, 3178.9248082637787,, neuron, off,, 83,,,2,81
dnn_CIFAR10-rgb_100-100-100_0.00015000000000000001_0001, 52.02000045776367, , 2, 2, 70,, 0, 0, 12,, 0, 0, 5,, 4691.04656791687,, neuron, off,, 90,,,2,88
dnn_CIFAR10-rgb_100-100-100_0.00015000000000000001_0002, 52.0, , 6, 6, 68,, 2, 2, 12,, 0, 0, 7,, 3734.7909967899323,, neuron, off,, 97,,,8,89
dnn_CIFAR10-rgb_100-100-100_0.00015000000000000001_0003, 52.0099983215332, , 2, 2, 77,, 0, 0, 8,, 1, 1, 4,, 3574.172953605652,, neuron, off,, 92,,,3,89
dnn_CIFAR10-rgb_100-100-100_0.00015000000000000001_0004, 51.89999771118164, , 4, 4, 64,, 2, 2, 10,, 2, 2, 7,, 3623.2488436698914,, neuron, off,, 89,,,8,81
dnn_CIFAR10-rgb_100-100-100_0.00015000000000000001_0005, 51.96999740600586, , 5, 5, 69,, 1, 1, 14,, 0, 0, 5,, 3458.547984600067,, neuron, off,, 95,,,6,89
dnn_CIFAR10-rgb_100-100-100_0.000175_0001, 50.90999984741211, , 3, 3, 74,, 5, 5, 15,, 2, 2, 10,, 3974.105474472046,, neuron, off,, 109,,,10,99
dnn_CIFAR10-rgb_100-100-100_0.000175_0002, 49.89999771118164, , 0, 0, 82,, 4, 4, 9,, 4, 4, 9,, 3515.580673456192,, neuron, off,, 108,,,8,100
dnn_CIFAR10-rgb_100-100-100_0.000175_0003, 51.209999084472656, , 1, 1, 77,, 3, 3, 8,, 3, 3, 6,, 3340.542165994644,, neuron, off,, 99,,,8,91
dnn_CIFAR10-rgb_100-100-100_0.000175_0004, 50.79999923706055, , 1, 1, 76,, 3, 3, 16,, 4, 4, 10,, 3686.796987771988,, neuron, off,, 111,,,8,103
dnn_CIFAR10-rgb_100-100-100_0.000175_0005, 51.36000061035156, , 5, 5, 69,, 2, 2, 13,, 1, 1, 9,, 2854.8036658763885,, neuron, off,, 100,,,8,92
dnn_CIFAR10-rgb_100-100-100_0.0002_0001, 50.73999786376953, , 2, 2, 76,, 3, 3, 15,, 6, 6, 14,, 4923.275264978409,, neuron, off,, 116,,,11,105
dnn_CIFAR10-rgb_100-100-100_0.0002_0002, 50.31999969482422, , 3, 3, 76,, 5, 5, 17,, 9, 9, 14,, 5316.397655487061,, neuron, off,, 124,,,17,107
dnn_CIFAR10-rgb_100-100-100_0.0002_0003, 49.7599983215332, , 5, 5, 73,, 7, 7, 25,, 12, 12, 19,, 8600.744943141937,, neuron, off,, 135,,,20,115
dnn_CIFAR10-rgb_100-100-100_0.0002_0004, 50.48999786376953, , 5, 5, 73,, 6, 6, 20,, 8, 8, 13,, 2288.813308954239,, neuron, off,, 125,,,19,106
dnn_CIFAR10-rgb_100-100-100_0.0002_0005, 50.04999923706055, , 3, 3, 69,, 8, 8, 13,, 12, 12, 18,, 5677.962228059769,, neuron, off,, 123,,,23,100
dnn_CIFAR10-rgb_100-100-100-100_0.0_0001
dnn_CIFAR10-rgb_100-100-100-100_0.0_0002
dnn_CIFAR10-rgb_100-100-100-100_0.0_0003
dnn_CIFAR10-rgb_100-100-100-100_0.0_0004
dnn_CIFAR10-rgb_100-100-100-100_0.0_0005
dnn_CIFAR10-rgb_100-100-100-100_2.5e-05_0001
dnn_CIFAR10-rgb_100-100-100-100_2.5e-05_0002
dnn_CIFAR10-rgb_100-100-100-100_2.5e-05_0003
dnn_CIFAR10-rgb_100-100-100-100_2.5e-05_0004
dnn_CIFAR10-rgb_100-100-100-100_2.5e-05_0005
dnn_CIFAR10-rgb_100-100-100-100_5e-05_0001
dnn_CIFAR10-rgb_100-100-100-100_5e-05_0002
dnn_CIFAR10-rgb_100-100-100-100_5e-05_0003
dnn_CIFAR10-rgb_100-100-100-100_5e-05_0004
dnn_CIFAR10-rgb_100-100-100-100_5e-05_0005
dnn_CIFAR10-rgb_100-100-100-100_7.500000000000001e-05_0001
dnn_CIFAR10-rgb_100-100-100-100_7.500000000000001e-05_0002
dnn_CIFAR10-rgb_100-100-100-100_7.500000000000001e-05_0003
dnn_CIFAR10-rgb_100-100-100-100_7.500000000000001e-05_0004
dnn_CIFAR10-rgb_100-100-100-100_7.500000000000001e-05_0005
dnn_CIFAR10-rgb_100-100-100-100_0.0001_0001
dnn_CIFAR10-rgb_100-100-100-100_0.0001_0002
dnn_CIFAR10-rgb_100-100-100-100_0.0001_0003
dnn_CIFAR10-rgb_100-100-100-100_0.0001_0004
dnn_CIFAR10-rgb_100-100-100-100_0.0001_0005
dnn_CIFAR10-rgb_100-100-100-100_0.000125_0001
dnn_CIFAR10-rgb_100-100-100-100_0.000125_0002
dnn_CIFAR10-rgb_100-100-100-100_0.000125_0003
dnn_CIFAR10-rgb_100-100-100-100_0.000125_0004
dnn_CIFAR10-rgb_100-100-100-100_0.000125_0005
dnn_CIFAR10-rgb_100-100-100-100_0.00015000000000000001_0001
dnn_CIFAR10-rgb_100-100-100-100_0.00015000000000000001_0002
dnn_CIFAR10-rgb_100-100-100-100_0.00015000000000000001_0003
dnn_CIFAR10-rgb_100-100-100-100_0.00015000000000000001_0004
dnn_CIFAR10-rgb_100-100-100-100_0.00015000000000000001_0005
dnn_CIFAR10-rgb_100-100-100-100_0.000175_0001
dnn_CIFAR10-rgb_100-100-100-100_0.000175_0002
dnn_CIFAR10-rgb_100-100-100-100_0.000175_0003
dnn_CIFAR10-rgb_100-100-100-100_0.000175_0004
dnn_CIFAR10-rgb_100-100-100-100_0.000175_0005
dnn_CIFAR10-rgb_100-100-100-100_0.0002_0001
dnn_CIFAR10-rgb_100-100-100-100_0.0002_0002
dnn_CIFAR10-rgb_100-100-100-100_0.0002_0003
dnn_CIFAR10-rgb_100-100-100-100_0.0002_0004
dnn_CIFAR10-rgb_100-100-100-100_0.0002_0005
dnn_CIFAR10-rgb_100-100-100-100-100_0.0_0001
dnn_CIFAR10-rgb_100-100-100-100-100_0.0_0002
dnn_CIFAR10-rgb_100-100-100-100-100_0.0_0003
dnn_CIFAR10-rgb_100-100-100-100-100_0.0_0004
dnn_CIFAR10-rgb_100-100-100-100-100_0.0_0005
dnn_CIFAR10-rgb_100-100-100-100-100_2.5e-05_0001
dnn_CIFAR10-rgb_100-100-100-100-100_2.5e-05_0002
dnn_CIFAR10-rgb_100-100-100-100-100_2.5e-05_0003
dnn_CIFAR10-rgb_100-100-100-100-100_2.5e-05_0004
dnn_CIFAR10-rgb_100-100-100-100-100_2.5e-05_0005
dnn_CIFAR10-rgb_100-100-100-100-100_5e-05_0001
dnn_CIFAR10-rgb_100-100-100-100-100_5e-05_0002
dnn_CIFAR10-rgb_100-100-100-100-100_5e-05_0003
dnn_CIFAR10-rgb_100-100-100-100-100_5e-05_0004
dnn_CIFAR10-rgb_100-100-100-100-100_5e-05_0005
dnn_CIFAR10-rgb_100-100-100-100-100_7.500000000000001e-05_0001
dnn_CIFAR10-rgb_100-100-100-100-100_7.500000000000001e-05_0002
dnn_CIFAR10-rgb_100-100-100-100-100_7.500000000000001e-05_0003
dnn_CIFAR10-rgb_100-100-100-100-100_7.500000000000001e-05_0004
dnn_CIFAR10-rgb_100-100-100-100-100_7.500000000000001e-05_0005
dnn_CIFAR10-rgb_100-100-100-100-100_0.0001_0001
dnn_CIFAR10-rgb_100-100-100-100-100_0.0001_0002
dnn_CIFAR10-rgb_100-100-100-100-100_0.0001_0003
dnn_CIFAR10-rgb_100-100-100-100-100_0.0001_0004
dnn_CIFAR10-rgb_100-100-100-100-100_0.0001_0005
dnn_CIFAR10-rgb_100-100-100-100-100_0.000125_0001
dnn_CIFAR10-rgb_100-100-100-100-100_0.000125_0002
dnn_CIFAR10-rgb_100-100-100-100-100_0.000125_0003
dnn_CIFAR10-rgb_100-100-100-100-100_0.000125_0004
dnn_CIFAR10-rgb_100-100-100-100-100_0.000125_0005
dnn_CIFAR10-rgb_100-100-100-100-100_0.00015000000000000001_0001
dnn_CIFAR10-rgb_100-100-100-100-100_0.00015000000000000001_0002
dnn_CIFAR10-rgb_100-100-100-100-100_0.00015000000000000001_0003
dnn_CIFAR10-rgb_100-100-100-100-100_0.00015000000000000001_0004
dnn_CIFAR10-rgb_100-100-100-100-100_0.00015000000000000001_0005
dnn_CIFAR10-rgb_100-100-100-100-100_0.000175_0001
dnn_CIFAR10-rgb_100-100-100-100-100_0.000175_0002
dnn_CIFAR10-rgb_100-100-100-100-100_0.000175_0003
dnn_CIFAR10-rgb_100-100-100-100-100_0.000175_0004
dnn_CIFAR10-rgb_100-100-100-100-100_0.000175_0005
dnn_CIFAR10-rgb_100-100-100-100-100_0.0002_0001
dnn_CIFAR10-rgb_100-100-100-100-100_0.0002_0002
dnn_CIFAR10-rgb_100-100-100-100-100_0.0002_0003
dnn_CIFAR10-rgb_100-100-100-100-100_0.0002_0004
dnn_CIFAR10-rgb_100-100-100-100-100_0.0002_0005
dnn_CIFAR10-rgb_1600-1600_0.0_0001
dnn_CIFAR10-rgb_1600-1600_0.0_0002
dnn_CIFAR10-rgb_1600-1600_0.0_0003
dnn_CIFAR10-rgb_1600-1600_0.0_0004
dnn_CIFAR10-rgb_1600-1600_0.0_0005
dnn_CIFAR10-rgb_1600-1600_2.5e-05_0001
dnn_CIFAR10-rgb_1600-1600_2.5e-05_0002
dnn_CIFAR10-rgb_1600-1600_2.5e-05_0003
dnn_CIFAR10-rgb_1600-1600_2.5e-05_0004
dnn_CIFAR10-rgb_1600-1600_2.5e-05_0005
dnn_CIFAR10-rgb_1600-1600_5e-05_0001
dnn_CIFAR10-rgb_1600-1600_5e-05_0002
dnn_CIFAR10-rgb_1600-1600_5e-05_0003
dnn_CIFAR10-rgb_1600-1600_5e-05_0004
dnn_CIFAR10-rgb_1600-1600_5e-05_0005
dnn_CIFAR10-rgb_1600-1600_7.500000000000001e-05_0001
dnn_CIFAR10-rgb_1600-1600_7.500000000000001e-05_0002
dnn_CIFAR10-rgb_1600-1600_7.500000000000001e-05_0003
dnn_CIFAR10-rgb_1600-1600_7.500000000000001e-05_0004
dnn_CIFAR10-rgb_1600-1600_7.500000000000001e-05_0005
dnn_CIFAR10-rgb_1600-1600_0.0001_0001
dnn_CIFAR10-rgb_1600-1600_0.0001_0002
dnn_CIFAR10-rgb_1600-1600_0.0001_0003
dnn_CIFAR10-rgb_1600-1600_0.0001_0004
dnn_CIFAR10-rgb_1600-1600_0.0001_0005
dnn_CIFAR10-rgb_1600-1600_0.000125_0001
dnn_CIFAR10-rgb_1600-1600_0.000125_0002
dnn_CIFAR10-rgb_1600-1600_0.000125_0003
dnn_CIFAR10-rgb_1600-1600_0.000125_0004
dnn_CIFAR10-rgb_1600-1600_0.000125_0005
dnn_CIFAR10-rgb_1600-1600_0.00015000000000000001_0001
dnn_CIFAR10-rgb_1600-1600_0.00015000000000000001_0002
dnn_CIFAR10-rgb_1600-1600_0.00015000000000000001_0003
dnn_CIFAR10-rgb_1600-1600_0.00015000000000000001_0004
dnn_CIFAR10-rgb_1600-1600_0.00015000000000000001_0005
dnn_CIFAR10-rgb_1600-1600_0.000175_0001
dnn_CIFAR10-rgb_1600-1600_0.000175_0002
dnn_CIFAR10-rgb_1600-1600_0.000175_0003
dnn_CIFAR10-rgb_1600-1600_0.000175_0004
dnn_CIFAR10-rgb_1600-1600_0.000175_0005, 50.88999938964844, , 866, 866, 708,, -, -, -,, 10800.145399332047,, neuron, off,, 3043,,,1638,1405
dnn_CIFAR10-rgb_1600-1600_0.0002_0001, 49.02000045776367, , 834, 834, 743,, -, -, -,, 14189.649892568588,, neuron, off,, 3077,,,1627,1450
dnn_CIFAR10-rgb_1600-1600_0.0002_0002, 49.97999954223633, , 852, 852, 721,, -, -, -,, 10800.06026506424,, neuron, off,, 3062,,,1640,1422
dnn_CIFAR10-rgb_1600-1600_0.0002_0003
dnn_CIFAR10-rgb_1600-1600_0.0002_0004
dnn_CIFAR10-rgb_1600-1600_0.0002_0005
