dnn_CIFAR10-gray_100-100_0.0_0001, 45.029998779296875, , 0, 0, 0,, 0, 0, 0,, 6.713867902755737,, network, relaxation,, 7,,,0,7
dnn_CIFAR10-gray_100-100_0.0_0002, 45.689998626708984, , 0, 0, 0,, 0, 0, 0,, 4.533698797225952,, network, relaxation,, 0,,,0,0
dnn_CIFAR10-gray_100-100_0.0_0003, 45.95000076293945, , 0, 0, 0,, 0, 0, 0,, 6.072293996810913,, network, relaxation,, 3,,,0,3
dnn_CIFAR10-gray_100-100_0.0_0004, 45.04999923706055, , 0, 0, 0,, 0, 0, 0,, 4.579071760177612,, network, relaxation,, 0,,,0,0
dnn_CIFAR10-gray_100-100_0.0_0005, 45.71999740600586, , 0, 0, 0,, 0, 0, 0,, 4.849809885025024,, network, relaxation,, 3,,,0,3
dnn_CIFAR10-gray_100-100_2.5e-05_0001, 45.81999969482422, , 0, 0, 0,, 0, 0, 0,, 4.770825624465942,, network, relaxation,, 2,,,0,2
dnn_CIFAR10-gray_100-100_2.5e-05_0002, 46.15999984741211, , 0, 0, 0,, 0, 0, 0,, 4.782963275909424,, network, relaxation,, 2,,,0,2
dnn_CIFAR10-gray_100-100_2.5e-05_0003, 45.95000076293945, , 0, 0, 0,, 0, 0, 0,, 4.776307821273804,, network, relaxation,, 4,,,0,4
dnn_CIFAR10-gray_100-100_2.5e-05_0004, 45.95000076293945, , 0, 0, 0,, 0, 0, 0,, 4.809549570083618,, network, relaxation,, 3,,,0,3
dnn_CIFAR10-gray_100-100_2.5e-05_0005,0,1
dnn_CIFAR10-gray_100-100_5e-05_0001, 44.78999710083008, , 0, 0, 0,, 0, 0, 0,, 5.536600589752197,, network, relaxation,, 3,,,0,3
dnn_CIFAR10-gray_100-100_5e-05_0002, 45.63999938964844, , 0, 0, 1,, 0, 0, 0,, 5.17276668548584,, network, relaxation,, 2,,,0,2
dnn_CIFAR10-gray_100-100_5e-05_0003, 45.20000076293945, , 0, 0, 0,, 0, 0, 0,, 5.55084228515625,, network, relaxation,, 2,,,0,2
dnn_CIFAR10-gray_100-100_5e-05_0004, 45.599998474121094, , 0, 0, 1,, 0, 0, 0,, 4.619457721710205,, network, relaxation,, 3,,,0,3
dnn_CIFAR10-gray_100-100_5e-05_0005, 44.95000076293945, , 0, 0, 0,, 0, 0, 0,, 5.370672702789307,, network, relaxation,, 6,,,0,6
dnn_CIFAR10-gray_100-100_7.500000000000001e-05_0001,1,33
dnn_CIFAR10-gray_100-100_7.500000000000001e-05_0002, 45.36000061035156, , 0, 0, 33,, 0, 0, 0,, 4.471980094909668,, network, relaxation,, 33,,,0,33
dnn_CIFAR10-gray_100-100_7.500000000000001e-05_0003, 44.38999938964844, , 0, 0, 38,, 0, 0, 0,, 4.484863042831421,, network, relaxation,, 38,,,0,38
dnn_CIFAR10-gray_100-100_7.500000000000001e-05_0004,1,43
dnn_CIFAR10-gray_100-100_7.500000000000001e-05_0005,1,29
dnn_CIFAR10-gray_100-100_0.0001_0001, 45.13999938964844, , 3, 3, 44,, 0, 0, 1,, 6.612780570983887,, network, relaxation,, 48,,,3,45
dnn_CIFAR10-gray_100-100_0.0001_0002, 44.71999740600586, , 2, 2, 43,, 0, 0, 1,, 4.999296426773071,, network, relaxation,, 47,,,2,45
dnn_CIFAR10-gray_100-100_0.0001_0003, 44.619998931884766, , 4, 4, 42,, 0, 0, 0,, 4.463151693344116,, network, relaxation,, 46,,,4,42
dnn_CIFAR10-gray_100-100_0.0001_0004, 44.77000045776367, , 6, 6, 35,, 0, 0, 1,, 4.810608148574829,, network, relaxation,, 43,,,6,37
dnn_CIFAR10-gray_100-100_0.0001_0005, 44.09000015258789, , 5, 5, 44,, 0, 0, 3,, 4.671694040298462,, network, relaxation,, 52,,,5,47
dnn_CIFAR10-gray_100-100_0.000125_0001, 43.279998779296875, , 5, 5, 46,, 0, 0, 2,, 4.556299209594727,, network, relaxation,, 53,,,5,48
dnn_CIFAR10-gray_100-100_0.000125_0002, 43.64999771118164, , 7, 7, 47,, 0, 0, 1,, 4.593451738357544,, network, relaxation,, 56,,,7,49
dnn_CIFAR10-gray_100-100_0.000125_0003, 43.05999755859375, , 4, 4, 50,, 0, 0, 3,, 5.372847318649292,, network, relaxation,, 58,,,4,54
dnn_CIFAR10-gray_100-100_0.000125_0004, 43.62999725341797, , 2, 2, 50,, 0, 0, 1,, 5.760127305984497,, network, relaxation,, 54,,,2,52
dnn_CIFAR10-gray_100-100_0.000125_0005, 43.47999954223633, , 5, 5, 38,, 0, 0, 6,, 4.562121868133545,, network, relaxation,, 49,,,5,44
dnn_CIFAR10-gray_100-100_0.00015000000000000001_0001, 42.79999923706055, , 4, 4, 55,, 3, 3, 13,, 35.468541622161865,, network, relaxation,, 75,,,7,68
dnn_CIFAR10-gray_100-100_0.00015000000000000001_0002, 43.04999923706055, , 3, 3, 54,, 0, 0, 7,, 4.852677345275879,, network, relaxation,, 65,,,3,62
dnn_CIFAR10-gray_100-100_0.00015000000000000001_0003, 42.77000045776367, , 1, 1, 59,, 1, 1, 12,, 4.75502347946167,, network, relaxation,, 74,,,3,71
dnn_CIFAR10-gray_100-100_0.00015000000000000001_0004, 43.68000030517578, , 8, 8, 47,, 0, 0, 15,, 4.682660341262817,, network, relaxation,, 70,,,8,62
dnn_CIFAR10-gray_100-100_0.00015000000000000001_0005, 42.63999938964844, , 3, 3, 49,, 1, 1, 11,, 4.447040557861328,, network, relaxation,, 64,,,4,60
dnn_CIFAR10-gray_100-100_0.000175_0001, 41.93000030517578, , 5, 5, 56,, 5, 5, 6,, 4.559964895248413,, network, relaxation,, 72,,,10,62
dnn_CIFAR10-gray_100-100_0.000175_0002, 42.37999725341797, , 4, 4, 55,, 2, 2, 12,, 6.359287977218628,, network, relaxation,, 74,,,6,68
dnn_CIFAR10-gray_100-100_0.000175_0003, 42.88999938964844, , 3, 3, 59,, 1, 1, 10,, 4.4060704708099365,, network, relaxation,, 73,,,4,69
dnn_CIFAR10-gray_100-100_0.000175_0004, 42.599998474121094, , 5, 5, 55,, 2, 2, 13,, 4.526251792907715,, network, relaxation,, 75,,,7,68
dnn_CIFAR10-gray_100-100_0.000175_0005, 42.14999771118164, , 8, 8, 55,, 7, 7, 12,, 4.705689907073975,, network, relaxation,, 82,,,15,67
dnn_CIFAR10-gray_100-100_0.0002_0001, 41.98999786376953, , 11, 11, 49,, 6, 6, 15,, 6.291822195053101,, network, relaxation,, 81,,,17,64
dnn_CIFAR10-gray_100-100_0.0002_0002, 40.959999084472656, , 7, 7, 54,, 7, 7, 20,, 4.467395544052124,, network, relaxation,, 88,,,14,74
dnn_CIFAR10-gray_100-100_0.0002_0003, 41.23999786376953, , 9, 9, 58,, 3, 3, 20,, 4.829097270965576,, network, relaxation,, 91,,,13,78
dnn_CIFAR10-gray_100-100_0.0002_0004, 41.82999801635742, , 9, 9, 54,, 15, 15, 8,, 4.567683935165405,, network, relaxation,, 86,,,24,62
dnn_CIFAR10-gray_100-100_0.0002_0005, 41.80999755859375, , 9, 9, 54,, 11, 11, 19,, 4.532461404800415,, network, relaxation,, 93,,,20,73
dnn_CIFAR10-gray_100-100_0.00022500000000000002_0001, 41.029998779296875, , 13, 13, 57,, 11, 11, 25,, 4.8183300495147705,, network, relaxation,, 107,,,25,82
dnn_CIFAR10-gray_100-100_0.00022500000000000002_0002, 41.46999740600586, , 10, 10, 59,, 14, 14, 20,, 4.480456829071045,, network, relaxation,, 103,,,24,79
dnn_CIFAR10-gray_100-100_0.00022500000000000002_0003, 40.73999786376953, , 6, 6, 63,, 15, 15, 12,, 4.304267406463623,, network, relaxation,, 96,,,21,75
dnn_CIFAR10-gray_100-100_0.00022500000000000002_0004, 40.790000915527344, , 7, 7, 60,, 10, 10, 19,, 5.091328859329224,, network, relaxation,, 97,,,18,79
dnn_CIFAR10-gray_100-100_0.00022500000000000002_0005, 41.22999954223633, , 14, 14, 54,, 9, 9, 20,, 4.318196773529053,, network, relaxation,, 97,,,23,74
dnn_CIFAR10-gray_100-100_0.00025_0001, 40.29999923706055, , 7, 7, 66,, 5, 5, 28,, 4.35535192489624,, network, relaxation,, 106,,,12,94
dnn_CIFAR10-gray_100-100_0.00025_0002, 40.939998626708984, , 8, 8, 61,, 12, 12, 20,, 4.579961776733398,, network, relaxation,, 101,,,20,81
dnn_CIFAR10-gray_100-100_0.00025_0003, 40.029998779296875, , 13, 13, 59,, 15, 15, 18,, 4.814910173416138,, network, relaxation,, 105,,,28,77
dnn_CIFAR10-gray_100-100_0.00025_0004, 40.040000915527344, , 8, 8, 66,, 10, 10, 24,, 4.548464059829712,, network, relaxation,, 108,,,18,90
dnn_CIFAR10-gray_100-100_0.00025_0005, 40.27000045776367, , 7, 7, 63,, 21, 21, 16,, 4.319873094558716,, network, relaxation,, 107,,,28,79
dnn_CIFAR10-gray_100-100_0.000275_0001, 39.36000061035156, , 14, 14, 62,, 14, 14, 19,, 4.435397624969482,, network, relaxation,, 109,,,28,81
dnn_CIFAR10-gray_100-100_0.000275_0002, 39.80999755859375, , 11, 11, 59,, 16, 16, 24,, 4.366848945617676,, network, relaxation,, 110,,,27,83
dnn_CIFAR10-gray_100-100_0.000275_0003, 40.37999725341797, , 15, 15, 57,, 18, 18, 19,, 4.312580585479736,, network, relaxation,, 109,,,33,76
dnn_CIFAR10-gray_100-100_0.000275_0004, 40.71999740600586, , 8, 8, 63,, 16, 16, 16,, 4.378453969955444,, network, relaxation,, 103,,,24,79
dnn_CIFAR10-gray_100-100_0.000275_0005, 40.369998931884766, , 12, 12, 62,, 16, 16, 27,, 4.387325286865234,, network, relaxation,, 117,,,28,89
dnn_CIFAR10-gray_100-100_0.00030000000000000003_0001, 39.34000015258789, , 12, 12, 62,, 18, 18, 27,, 6.18666934967041,, network, relaxation,, 119,,,30,89
dnn_CIFAR10-gray_100-100_0.00030000000000000003_0002, 39.119998931884766, , 15, 15, 59,, 24, 24, 27,, 4.369483947753906,, network, relaxation,, 125,,,39,86
dnn_CIFAR10-gray_100-100_0.00030000000000000003_0003, 39.849998474121094, , 10, 10, 63,, 12, 12, 26,, 4.867905616760254,, network, relaxation,, 112,,,22,90
dnn_CIFAR10-gray_100-100_0.00030000000000000003_0004, 39.04999923706055, , 12, 12, 62,, 25, 25, 21,, 4.509266138076782,, network, relaxation,, 120,,,37,83
dnn_CIFAR10-gray_100-100_0.00030000000000000003_0005, 40.11000061035156, , 17, 17, 57,, 16, 16, 28,, 20.50001549720764,, network, relaxation,, 118,,,33,85
dnn_CIFAR10-gray_100-100_0.00032500000000000004_0001, 38.47999954223633, , 9, 9, 69,, 22, 22, 28,, 18.66744112968445,, network, relaxation,, 128,,,31,97
dnn_CIFAR10-gray_100-100_0.00032500000000000004_0002, 39.21999740600586, , 10, 10, 66,, 19, 19, 30,, 16.632248163223267,, network, relaxation,, 125,,,29,96
dnn_CIFAR10-gray_100-100_0.00032500000000000004_0003, 38.13999938964844, , 12, 12, 65,, 18, 18, 31,, 17.139893054962158,, network, relaxation,, 126,,,30,96
dnn_CIFAR10-gray_100-100_0.00032500000000000004_0004, 39.349998474121094, , 12, 12, 62,, 21, 21, 26,, 16.524513721466064,, network, relaxation,, 121,,,33,88
dnn_CIFAR10-gray_100-100_0.00032500000000000004_0005, 39.48999786376953, , 9, 9, 66,, 23, 23, 30,, 18.738111972808838,, network, relaxation,, 128,,,32,96
dnn_CIFAR10-gray_100-100_0.00035_0001, 38.52000045776367, , 11, 11, 68,, 25, 25, 33,, 16.668742656707764,, network, relaxation,, 137,,,36,101
dnn_CIFAR10-gray_100-100_0.00035_0002, 39.099998474121094, , 11, 11, 66,, 19, 19, 34,, 16.948760747909546,, network, relaxation,, 130,,,30,100
dnn_CIFAR10-gray_100-100_0.00035_0003, 38.279998779296875, , 12, 12, 67,, 20, 20, 34,, 18.00692391395569,, network, relaxation,, 133,,,32,101
dnn_CIFAR10-gray_100-100_0.00035_0004, 38.36000061035156, , 11, 11, 66,, 18, 18, 32,, 19.115612506866455,, network, relaxation,, 127,,,29,98
dnn_CIFAR10-gray_100-100_0.00035_0005, 37.93000030517578, , 11, 11, 66,, 23, 23, 27,, 18.528741359710693,, network, relaxation,, 128,,,35,93
dnn_CIFAR10-gray_100-100_0.000375_0001, 38.40999984741211, , 7, 7, 71,, 18, 18, 36,, 18.556241750717163,, network, relaxation,, 132,,,25,107
dnn_CIFAR10-gray_100-100_0.000375_0002, 38.369998931884766, , 14, 14, 65,, 28, 28, 29,, 19.20023798942566,, network, relaxation,, 136,,,42,94
dnn_CIFAR10-gray_100-100_0.000375_0003, 37.89999771118164, , 7, 7, 72,, 28, 28, 26,, 18.999364376068115,, network, relaxation,, 133,,,35,98
dnn_CIFAR10-gray_100-100_0.000375_0004, 38.459999084472656, , 13, 13, 64,, 25, 25, 31,, 20.797914028167725,, network, relaxation,, 133,,,38,95
dnn_CIFAR10-gray_100-100_0.000375_0005, 37.70000076293945, , 18, 18, 62,, 22, 22, 32,, 16.988544464111328,, network, relaxation,, 134,,,40,94
dnn_CIFAR10-gray_100-100_0.0004_0001, 38.34000015258789, , 19, 19, 60,, 25, 25, 33,, 17.289423942565918,, network, relaxation,, 137,,,44,93
dnn_CIFAR10-gray_100-100_0.0004_0002, 37.849998474121094, , 15, 15, 66,, 21, 21, 38,, 19.05602478981018,, network, relaxation,, 140,,,36,104
dnn_CIFAR10-gray_100-100_0.0004_0003, 37.52000045776367, , 13, 13, 71,, 26, 26, 30,, 18.283355712890625,, network, relaxation,, 140,,,39,101
dnn_CIFAR10-gray_100-100_0.0004_0004, 38.34000015258789, , 15, 15, 68,, 21, 21, 37,, 18.567742109298706,, network, relaxation,, 141,,,36,105
dnn_CIFAR10-gray_100-100_0.0004_0005, 37.77000045776367, , 12, 12, 67,, 24, 24, 36,, 22.717438459396362,, network, relaxation,, 140,,,37,103
dnn_CIFAR10-gray_200-200_0.0_0001,0,1
dnn_CIFAR10-gray_200-200_0.0_0002, 47.82999801635742, , 0, 0, 0,, 0, 0, 0,, 9.116682291030884,, network, relaxation,, 2,,,0,2
dnn_CIFAR10-gray_200-200_0.0_0003, 47.95000076293945, , 0, 0, 0,, 0, 0, 0,, 8.455166578292847,, network, relaxation,, 0,,,0,0
dnn_CIFAR10-gray_200-200_0.0_0004,0,1
dnn_CIFAR10-gray_200-200_0.0_0005, 48.72999954223633, , 0, 0, 0,, 0, 0, 0,, 8.929406881332397,, network, relaxation,, 2,,,0,2
dnn_CIFAR10-gray_200-200_2.5e-05_0001, 48.31999969482422, , 0, 0, 0,, 0, 0, 0,, 8.818955898284912,, network, relaxation,, 0,,,0,0
dnn_CIFAR10-gray_200-200_2.5e-05_0002,0,1
dnn_CIFAR10-gray_200-200_2.5e-05_0003, 48.689998626708984, , 0, 0, 0,, 0, 0, 0,, 8.60443663597107,, network, relaxation,, 0,,,0,0
dnn_CIFAR10-gray_200-200_2.5e-05_0004, 48.91999816894531, , 0, 0, 0,, 0, 0, 0,, 8.390089988708496,, network, relaxation,, 0,,,0,0
dnn_CIFAR10-gray_200-200_2.5e-05_0005, 48.93000030517578, , 0, 0, 0,, 0, 0, 0,, 9.973690032958984,, network, relaxation,, 3,,,0,3
dnn_CIFAR10-gray_200-200_5e-05_0001, 47.81999969482422, , 0, 0, 1,, 0, 0, 0,, 8.785889387130737,, network, relaxation,, 3,,,0,3
dnn_CIFAR10-gray_200-200_5e-05_0002, 48.04999923706055, , 0, 0, 0,, 0, 0, 0,, 11.165077686309814,, network, relaxation,, 4,,,0,4
dnn_CIFAR10-gray_200-200_5e-05_0003, 48.31999969482422, , 0, 0, 1,, 0, 0, 0,, 9.522936820983887,, network, relaxation,, 3,,,0,3
dnn_CIFAR10-gray_200-200_5e-05_0004, 47.79999923706055, , 0, 0, 1,, 0, 0, 0,, 12.374850034713745,, network, relaxation,, 7,,,0,7
dnn_CIFAR10-gray_200-200_5e-05_0005, 47.79999923706055, , 0, 0, 0,, 0, 0, 0,, 9.896800994873047,, network, relaxation,, 2,,,0,2
dnn_CIFAR10-gray_200-200_7.500000000000001e-05_0001, 46.86000061035156, , 8, 8, 76,, 0, 0, 0,, 8.846567630767822,, network, relaxation,, 85,,,8,77
dnn_CIFAR10-gray_200-200_7.500000000000001e-05_0002, 46.93000030517578, , 7, 7, 59,, 0, 0, 0,, 10.05430793762207,, network, relaxation,, 66,,,7,59
dnn_CIFAR10-gray_200-200_7.500000000000001e-05_0003, 46.96999740600586, , 5, 5, 73,, 0, 0, 0,, 10.663465738296509,, network, relaxation,, 82,,,6,76
dnn_CIFAR10-gray_200-200_7.500000000000001e-05_0004, 46.959999084472656, , 10, 10, 61,, 0, 0, 0,, 9.862054109573364,, network, relaxation,, 73,,,10,63
dnn_CIFAR10-gray_200-200_7.500000000000001e-05_0005, 47.34000015258789, , 6, 6, 73,, 0, 0, 0,, 9.484246969223022,, network, relaxation,, 82,,,7,75
dnn_CIFAR10-gray_200-200_0.0001_0001, 45.119998931884766, , 18, 18, 79,, 3, 3, 6,, 8.82758641242981,, network, relaxation,, 108,,,21,87
dnn_CIFAR10-gray_200-200_0.0001_0002, 45.73999786376953, , 14, 14, 93,, 0, 0, 8,, 8.676015615463257,, network, relaxation,, 116,,,15,101
dnn_CIFAR10-gray_200-200_0.0001_0003, 45.73999786376953, , 27, 27, 83,, 2, 2, 7,, 9.193636655807495,, network, relaxation,, 120,,,30,90
dnn_CIFAR10-gray_200-200_0.0001_0004, 46.03999710083008, , 26, 26, 88,, 1, 1, 9,, 9.114161014556885,, network, relaxation,, 126,,,27,99
dnn_CIFAR10-gray_200-200_0.0001_0005, 45.59000015258789, , 23, 23, 81,, 1, 1, 8,, 9.099406480789185,, network, relaxation,, 114,,,25,89
dnn_CIFAR10-gray_200-200_0.000125_0001, 44.20000076293945, , 30, 30, 96,, 17, 17, 23,, 8.900511503219604,, network, relaxation,, 167,,,47,120
dnn_CIFAR10-gray_200-200_0.000125_0002, 44.68000030517578, , 24, 24, 102,, 12, 12, 27,, 8.943857908248901,, network, relaxation,, 167,,,37,130
dnn_CIFAR10-gray_200-200_0.000125_0003, 44.43000030517578, , 30, 30, 96,, 8, 8, 22,, 8.533763647079468,, network, relaxation,, 156,,,38,118
dnn_CIFAR10-gray_200-200_0.000125_0004, 44.029998779296875, , 28, 28, 100,, 22, 22, 23,, 9.024876594543457,, network, relaxation,, 174,,,50,124
dnn_CIFAR10-gray_200-200_0.000125_0005, 44.62999725341797, , 26, 26, 105,, 8, 8, 26,, 8.468973159790039,, network, relaxation,, 165,,,34,131
dnn_CIFAR10-gray_200-200_0.00015000000000000001_0001, 44.0099983215332, , 39, 39, 103,, 24, 24, 45,, 8.653546810150146,, network, relaxation,, 212,,,64,148
dnn_CIFAR10-gray_200-200_0.00015000000000000001_0002, 44.06999969482422, , 35, 35, 108,, 31, 31, 35,, 9.396547555923462,, network, relaxation,, 211,,,67,144
dnn_CIFAR10-gray_200-200_0.00015000000000000001_0003, 44.369998931884766, , 36, 36, 108,, 26, 26, 43,, 9.190235137939453,, network, relaxation,, 214,,,63,151
dnn_CIFAR10-gray_200-200_0.00015000000000000001_0004, 44.11000061035156, , 28, 28, 106,, 25, 25, 37,, 8.236619710922241,, network, relaxation,, 196,,,53,143
dnn_CIFAR10-gray_200-200_0.00015000000000000001_0005, 44.15999984741211, , 35, 35, 102,, 28, 28, 31,, 8.630368709564209,, network, relaxation,, 196,,,63,133
dnn_CIFAR10-gray_200-200_0.000175_0001, 43.27000045776367, , 39, 39, 111,, 40, 40, 54,, 8.678359746932983,, network, relaxation,, 245,,,80,165
dnn_CIFAR10-gray_200-200_0.000175_0002, 43.61000061035156, , 32, 32, 117,, 40, 40, 40,, 10.682961225509644,, network, relaxation,, 230,,,73,157
dnn_CIFAR10-gray_200-200_0.000175_0003, 42.63999938964844, , 46, 46, 106,, 35, 35, 49,, 8.551573276519775,, network, relaxation,, 236,,,81,155
dnn_CIFAR10-gray_200-200_0.000175_0004, 43.45000076293945, , 34, 34, 114,, 27, 27, 55,, 9.413047790527344,, network, relaxation,, 231,,,62,169
dnn_CIFAR10-gray_200-200_0.000175_0005, 43.40999984741211, , 31, 31, 121,, 33, 33, 46,, 8.67845368385315,, network, relaxation,, 233,,,65,168
dnn_CIFAR10-gray_200-200_0.0002_0001, 42.46999740600586, , 35, 35, 117,, 34, 34, 65,, 8.677460432052612,, network, relaxation,, 251,,,69,182
dnn_CIFAR10-gray_200-200_0.0002_0002, 42.5, , 42, 42, 113,, 50, 50, 44,, 8.663384675979614,, network, relaxation,, 249,,,92,157
dnn_CIFAR10-gray_200-200_0.0002_0003, 41.790000915527344, , 40, 40, 116,, 48, 48, 59,, 11.035590648651123,, network, relaxation,, 265,,,90,175
dnn_CIFAR10-gray_200-200_0.0002_0004, 42.96999740600586, , 40, 40, 117,, 45, 45, 59,, 8.530869483947754,, network, relaxation,, 261,,,85,176
dnn_CIFAR10-gray_200-200_0.0002_0005, 41.81999969482422, , 35, 35, 125,, 39, 39, 57,, 8.965320587158203,, network, relaxation,, 259,,,75,184
dnn_CIFAR10-gray_400-400_0.0_0001, 50.02000045776367, , 0, 0, 0,, 0, 0, 0,, 17.51367211341858,, network, relaxation,, 0,,,0,0
dnn_CIFAR10-gray_400-400_0.0_0002,0,1
dnn_CIFAR10-gray_400-400_0.0_0003, 49.439998626708984, , 0, 0, 0,, 0, 0, 0,, 18.402559995651245,, network, relaxation,, 0,,,0,0
dnn_CIFAR10-gray_400-400_0.0_0004, 49.96999740600586, , 0, 0, 0,, 0, 0, 0,, 18.3269100189209,, network, relaxation,, 0,,,0,0
dnn_CIFAR10-gray_400-400_0.0_0005, 50.02000045776367, , 0, 0, 0,, 0, 0, 0,, 17.82377815246582,, network, relaxation,, 0,,,0,0
dnn_CIFAR10-gray_400-400_2.5e-05_0001, 49.84000015258789, , 0, 0, 0,, 0, 0, 0,, 25.78172993659973,, network, relaxation,, 2,,,0,2
dnn_CIFAR10-gray_400-400_2.5e-05_0002, 49.849998474121094, , 0, 0, 0,, 0, 0, 0,, 22.195547342300415,, network, relaxation,, 2,,,0,2
dnn_CIFAR10-gray_400-400_2.5e-05_0003, 50.0, , 0, 0, 0,, 0, 0, 0,, 18.199166774749756,, network, relaxation,, 0,,,0,0
dnn_CIFAR10-gray_400-400_2.5e-05_0004, 49.849998474121094, , 0, 0, 0,, 0, 0, 0,, 22.594679594039917,, network, relaxation,, 2,,,0,2
dnn_CIFAR10-gray_400-400_2.5e-05_0005, 50.30999755859375, , 0, 0, 0,, 0, 0, 0,, 18.15885829925537,, network, relaxation,, 0,,,0,0
dnn_CIFAR10-gray_400-400_5e-05_0001, 48.7599983215332, , 0, 0, 0,, 0, 0, 0,, 27.056637287139893,, network, relaxation,, 4,,,0,4
dnn_CIFAR10-gray_400-400_5e-05_0002, 49.099998474121094, , 0, 0, 0,, 0, 0, 0,, 26.754340171813965,, network, relaxation,, 2,,,0,2
dnn_CIFAR10-gray_400-400_5e-05_0003, 49.09000015258789, , 0, 0, 2,, 0, 0, 0,, 25.136841297149658,, network, relaxation,, 5,,,0,5
dnn_CIFAR10-gray_400-400_5e-05_0004, 48.7599983215332, , 0, 0, 0,, 0, 0, 0,, 24.0582594871521,, network, relaxation,, 3,,,0,3
dnn_CIFAR10-gray_400-400_5e-05_0005, 48.84000015258789, , 0, 0, 3,, 0, 0, 0,, 27.44479513168335,, network, relaxation,, 5,,,0,5
dnn_CIFAR10-gray_400-400_7.500000000000001e-05_0001, 47.869998931884766, , 57, 57, 107,, 1, 1, 14,, 49.32806730270386,, network, relaxation,, 186,,,59,127
dnn_CIFAR10-gray_400-400_7.500000000000001e-05_0002, 47.59000015258789, , 54, 54, 99,, 0, 0, 6,, 41.399675369262695,, network, relaxation,, 164,,,57,107
dnn_CIFAR10-gray_400-400_7.500000000000001e-05_0003, 47.689998626708984, , 37, 37, 115,, 2, 2, 9,, 33.8178505897522,, network, relaxation,, 169,,,41,128
dnn_CIFAR10-gray_400-400_7.500000000000001e-05_0004, 48.0099983215332, , 42, 42, 103,, 1, 1, 6,, 28.222883701324463,, network, relaxation,, 156,,,45,111
dnn_CIFAR10-gray_400-400_7.500000000000001e-05_0005, 47.459999084472656, , 58, 58, 109,, 1, 1, 13,, 28.164873361587524,, network, relaxation,, 186,,,62,124
dnn_CIFAR10-gray_400-400_0.0001_0001, 46.18000030517578, , 99, 99, 168,, 56, 56, 71,, 21.322391986846924,, network, relaxation,, 395,,,156,239
dnn_CIFAR10-gray_400-400_0.0001_0002, 45.78999710083008, , 110, 110, 169,, 37, 37, 85,, 20.360053539276123,, network, relaxation,, 402,,,148,254
dnn_CIFAR10-gray_400-400_0.0001_0003, 46.43000030517578, , 117, 117, 157,, 38, 38, 62,, 20.281534671783447,, network, relaxation,, 378,,,158,220
dnn_CIFAR10-gray_400-400_0.0001_0004, 46.189998626708984, , 102, 102, 178,, 43, 43, 77,, 23.57606029510498,, network, relaxation,, 403,,,147,256
dnn_CIFAR10-gray_400-400_0.0001_0005, 46.32999801635742, , 88, 88, 175,, 37, 37, 70,, 117.5926251411438,, network, relaxation,, 378,,,128,250
dnn_CIFAR10-gray_400-400_0.000125_0001, 44.93000030517578, , 136, 136, 183,, 94, 94, 107,, 22.581977367401123,, network, relaxation,, 524,,,233,291
dnn_CIFAR10-gray_400-400_0.000125_0002, 44.959999084472656, , 112, 112, 207,, 90, 90, 101,, 18.463744401931763,, network, relaxation,, 511,,,203,308
dnn_CIFAR10-gray_400-400_0.000125_0003, 45.849998474121094, , 116, 116, 195,, 83, 83, 103,, 17.92482280731201,, network, relaxation,, 497,,,199,298
dnn_CIFAR10-gray_400-400_0.000125_0004, 44.78999710083008, , 131, 131, 195,, 72, 72, 104,, 1117.1098618507385,, network, relaxation,, 505,,,206,299
dnn_CIFAR10-gray_400-400_0.000125_0005, 44.61000061035156, , 125, 125, 195,, 82, 82, 108,, 19.146690607070923,, network, relaxation,, 511,,,208,303
dnn_CIFAR10-gray_400-400_0.00015000000000000001_0001, 43.959999084472656, , 138, 138, 197,, 113, 113, 145,, 18.412564516067505,, network, relaxation,, 594,,,252,342
dnn_CIFAR10-gray_400-400_0.00015000000000000001_0002, 43.66999816894531, , 141, 141, 202,, 101, 101, 141,, 21.788328409194946,, network, relaxation,, 586,,,242,344
dnn_CIFAR10-gray_400-400_0.00015000000000000001_0003, 43.709999084472656, , 151, 151, 189,, 113, 113, 130,, 18.277549266815186,, network, relaxation,, 584,,,264,320
dnn_CIFAR10-gray_400-400_0.00015000000000000001_0004, 43.55999755859375, , 130, 130, 204,, 85, 85, 139,, 18.94435954093933,, network, relaxation,, 559,,,215,344
dnn_CIFAR10-gray_400-400_0.00015000000000000001_0005, 43.95000076293945, , 142, 142, 198,, 117, 117, 120,, 18.56058144569397,, network, relaxation,, 578,,,260,318
dnn_CIFAR10-gray_400-400_0.000175_0001, 42.70000076293945, , 147, 147, 203,, 129, 129, 138,, 18.64704918861389,, network, relaxation,, 618,,,276,342
dnn_CIFAR10-gray_400-400_0.000175_0002, 43.23999786376953, , 137, 137, 211,, 109, 109, 141,, 19.00816535949707,, network, relaxation,, 599,,,247,352
dnn_CIFAR10-gray_400-400_0.000175_0003, 42.709999084472656, , 151, 151, 204,, 135, 135, 142,, 18.13366174697876,, network, relaxation,, 632,,,286,346
dnn_CIFAR10-gray_400-400_0.000175_0004, 42.93000030517578, , 147, 147, 203,, 124, 124, 139,, 24.163342237472534,, network, relaxation,, 616,,,272,344
dnn_CIFAR10-gray_400-400_0.000175_0005, 43.2599983215332, , 151, 151, 203,, 120, 120, 146,, 17.85914158821106,, network, relaxation,, 622,,,272,350
dnn_CIFAR10-gray_400-400_0.0002_0001, 41.97999954223633, , 168, 168, 187,, 140, 140, 143,, 17.532007455825806,, network, relaxation,, 639,,,308,331
dnn_CIFAR10-gray_400-400_0.0002_0002, 41.849998474121094, , 155, 155, 208,, 128, 128, 169,, 18.083694458007812,, network, relaxation,, 660,,,283,377
dnn_CIFAR10-gray_400-400_0.0002_0003, 42.46999740600586, , 144, 144, 217,, 140, 140, 156,, 17.712625980377197,, network, relaxation,, 657,,,284,373
dnn_CIFAR10-gray_400-400_0.0002_0004, 41.34000015258789, , 173, 173, 190,, 118, 118, 169,, 1868.6334812641144,, network, relaxation,, 652,,,291,361
dnn_CIFAR10-gray_400-400_0.0002_0005, 41.709999084472656, , 151, 151, 206,, 137, 137, 155,, 18.391921520233154,, network, relaxation,, 649,,,288,361
dnn_CIFAR10-gray_800-800_0.0_0001, 51.15999984741211, , 0, 0, 0,, 0, 0, 0,, 44.89615225791931,, network, relaxation,, 0,,,0,0
dnn_CIFAR10-gray_800-800_0.0_0002, 50.689998626708984, , 0, 0, 0,, 0, 0, 0,, 46.241968393325806,, network, relaxation,, 0,,,0,0
dnn_CIFAR10-gray_800-800_0.0_0003,0,1
dnn_CIFAR10-gray_800-800_0.0_0004, 51.72999954223633, , 0, 0, 0,, 0, 0, 0,, 42.934093952178955,, network, relaxation,, 0,,,0,0
dnn_CIFAR10-gray_800-800_0.0_0005, 51.25, , 0, 0, 0,, 0, 0, 0,, 68.24680638313293,, network, relaxation,, 3,,,0,3
dnn_CIFAR10-gray_800-800_2.5e-05_0001,0,1
dnn_CIFAR10-gray_800-800_2.5e-05_0002,0,1
dnn_CIFAR10-gray_800-800_2.5e-05_0003,0,1
dnn_CIFAR10-gray_800-800_2.5e-05_0004, 50.98999786376953, , 0, 0, 0,, 0, 0, 0,, 43.25205731391907,, network, relaxation,, 0,,,0,0
dnn_CIFAR10-gray_800-800_2.5e-05_0005,0,1
dnn_CIFAR10-gray_800-800_5e-05_0001,1,4
dnn_CIFAR10-gray_800-800_5e-05_0002, 49.369998931884766, , 0, 0, 0,, 0, 0, 0,, 106.48566675186157,, network, relaxation,, 4,,,0,4
dnn_CIFAR10-gray_800-800_5e-05_0003, 49.099998474121094, , 0, 0, 0,, 0, 0, 1,, 102.99488401412964,, network, relaxation,, 8,,,0,8
dnn_CIFAR10-gray_800-800_5e-05_0004, 48.89999771118164, , 0, 0, 0,, 0, 0, 0,, 97.07686877250671,, network, relaxation,, 4,,,0,4
dnn_CIFAR10-gray_800-800_5e-05_0005, 49.529998779296875, , 0, 0, 1,, 0, 0, 0,, 97.58866357803345,, network, relaxation,, 10,,,0,10
dnn_CIFAR10-gray_800-800_7.500000000000001e-05_0001, 47.41999816894531, , 234, 234, 186,, 115, 115, 193,, 359.62417244911194,, network, relaxation,, 746,,,360,386
dnn_CIFAR10-gray_800-800_7.500000000000001e-05_0002, 47.62999725341797, , 242, 242, 194,, 122, 122, 172,, 1817.4631106853485,, network, relaxation,, 748,,,373,375
dnn_CIFAR10-gray_800-800_7.500000000000001e-05_0003, 47.22999954223633, , 243, 243, 190,, 116, 116, 198,, 85.79888439178467,, network, relaxation,, 756,,,364,392
dnn_CIFAR10-gray_800-800_7.500000000000001e-05_0004, 47.72999954223633, , 225, 225, 180,, 125, 125, 175,, 519.9629018306732,, network, relaxation,, 715,,,357,358
dnn_CIFAR10-gray_800-800_7.500000000000001e-05_0005, 47.0099983215332, , 230, 230, 186,, 118, 118, 171,, 148.34500551223755,, network, relaxation,, 713,,,352,361
dnn_CIFAR10-gray_800-800_0.0001_0001, 46.09000015258789, , 335, 335, 328,, 225, 225, 265,, 307.9273028373718,, network, relaxation,, 1158,,,563,595
dnn_CIFAR10-gray_800-800_0.0001_0002, 46.02000045776367, , 365, 365, 302,, 201, 201, 285,, 118.52609300613403,, network, relaxation,, 1155,,,567,588
dnn_CIFAR10-gray_800-800_0.0001_0003, 45.53999710083008, , 364, 364, 296,, 191, 191, 296,, 92.39816927909851,, network, relaxation,, 1152,,,559,593
dnn_CIFAR10-gray_800-800_0.0001_0004, 45.84000015258789, , 365, 365, 301,, 184, 184, 307,, 51.54146146774292,, network, relaxation,, 1162,,,552,610
dnn_CIFAR10-gray_800-800_0.0001_0005, 45.31999969482422, , 362, 362, 305,, 215, 215, 278,, 66.25505208969116,, network, relaxation,, 1164,,,579,585
dnn_CIFAR10-gray_800-800_0.000125_0001, 44.66999816894531, , 387, 387, 339,, 255, 255, 340,, 58.584694623947144,, network, relaxation,, 1322,,,643,679
dnn_CIFAR10-gray_800-800_0.000125_0002, 45.0, , 375, 375, 350,, 255, 255, 333,, 46.063800573349,, network, relaxation,, 1314,,,631,683
dnn_CIFAR10-gray_800-800_0.000125_0003, 43.869998931884766, , 390, 390, 333,, 250, 250, 310,, 47.332911252975464,, network, relaxation,, 1284,,,640,644
dnn_CIFAR10-gray_800-800_0.000125_0004, 44.099998474121094, , 386, 386, 341,, 259, 259, 328,, 46.0815794467926,, network, relaxation,, 1315,,,645,670
dnn_CIFAR10-gray_800-800_0.000125_0005, 44.599998474121094, , 367, 367, 350,, 248, 248, 335,, 50.0870840549469,, network, relaxation,, 1303,,,616,687
dnn_CIFAR10-gray_800-800_0.00015000000000000001_0001, 43.40999984741211, , 392, 392, 349,, 261, 261, 389,, 58.81500244140625,, network, relaxation,, 1393,,,655,738
dnn_CIFAR10-gray_800-800_0.00015000000000000001_0002, 42.95000076293945, , 409, 409, 341,, 298, 298, 344,, 45.85993003845215,, network, relaxation,, 1393,,,707,686
dnn_CIFAR10-gray_800-800_0.00015000000000000001_0003, 43.25, , 403, 403, 346,, 285, 285, 343,, 44.184231758117676,, network, relaxation,, 1377,,,688,689
dnn_CIFAR10-gray_800-800_0.00015000000000000001_0004, 43.48999786376953, , 379, 379, 364,, 281, 281, 350,, 46.56585931777954,, network, relaxation,, 1376,,,660,716
dnn_CIFAR10-gray_800-800_0.00015000000000000001_0005, 43.290000915527344, , 399, 399, 352,, 263, 263, 383,, 46.415674924850464,, network, relaxation,, 1398,,,663,735
dnn_CIFAR10-gray_800-800_0.000175_0001, 43.06999969482422, , 397, 397, 353,, 327, 327, 352,, 47.69407653808594,, network, relaxation,, 1431,,,725,706
dnn_CIFAR10-gray_800-800_0.000175_0002, 42.40999984741211, , 398, 398, 356,, 296, 296, 363,, 963.6078865528107,, network, relaxation,, 1415,,,696,719
dnn_CIFAR10-gray_800-800_0.000175_0003, 42.95000076293945, , 411, 411, 350,, 305, 305, 350,, 49.10265922546387,, network, relaxation,, 1416,,,716,700
dnn_CIFAR10-gray_800-800_0.000175_0004, 43.0099983215332, , 394, 394, 362,, 309, 309, 369,, 47.421987533569336,, network, relaxation,, 1436,,,705,731
dnn_CIFAR10-gray_800-800_0.000175_0005, 42.779998779296875, , 408, 408, 349,, 319, 319, 356,, 45.34356927871704,, network, relaxation,, 1433,,,728,705
dnn_CIFAR10-gray_800-800_0.0002_0001, 41.959999084472656, , 418, 418, 340,, 319, 319, 383,, 43.7810537815094,, network, relaxation,, 1460,,,737,723
dnn_CIFAR10-gray_800-800_0.0002_0002, 41.93000030517578, , 423, 423, 342,, 337, 337, 367,, 44.613868951797485,, network, relaxation,, 1469,,,760,709
dnn_CIFAR10-gray_800-800_0.0002_0003, 41.029998779296875, , 398, 398, 368,, 331, 331, 366,, 45.01308274269104,, network, relaxation,, 1463,,,729,734
dnn_CIFAR10-gray_800-800_0.0002_0004, 41.209999084472656, , 426, 426, 342,, 328, 328, 359,, 47.73508930206299,, network, relaxation,, 1458,,,757,701
dnn_CIFAR10-gray_800-800_0.0002_0005, 41.790000915527344, , 422, 422, 340,, 343, 343, 364,, 46.39293169975281,, network, relaxation,, 1470,,,766,704
dnn_CIFAR10-gray_100-100-100_0.0_0001,0,1
dnn_CIFAR10-gray_100-100-100_0.0_0002, 45.96999740600586, , 0, 0, 0,, 0, 0, 0,, 0, 0, 0,, 7.172694206237793,, network, relaxation,, 3,,,0,3
dnn_CIFAR10-gray_100-100-100_0.0_0003, 46.36000061035156, , 0, 0, 0,, 0, 0, 0,, 0, 0, 0,, 4.845292091369629,, network, relaxation,, 0,,,0,0
dnn_CIFAR10-gray_100-100-100_0.0_0004, 45.709999084472656, , 0, 0, 0,, 0, 0, 0,, 0, 0, 0,, 5.522273778915405,, network, relaxation,, 3,,,0,3
dnn_CIFAR10-gray_100-100-100_0.0_0005, 45.68000030517578, , 0, 0, 0,, 0, 0, 0,, 0, 0, 0,, 5.404157400131226,, network, relaxation,, 4,,,0,4
dnn_CIFAR10-gray_100-100-100_2.5e-05_0001, 45.959999084472656, , 0, 0, 0,, 0, 0, 0,, 0, 0, 0,, 4.798127889633179,, network, relaxation,, 0,,,0,0
dnn_CIFAR10-gray_100-100-100_2.5e-05_0002,0,1
dnn_CIFAR10-gray_100-100-100_2.5e-05_0003,0,1
dnn_CIFAR10-gray_100-100-100_2.5e-05_0004,0,1
dnn_CIFAR10-gray_100-100-100_2.5e-05_0005, 46.43000030517578, , 0, 0, 0,, 0, 0, 0,, 0, 0, 0,, 4.706741809844971,, network, relaxation,, 0,,,0,0
dnn_CIFAR10-gray_100-100-100_5e-05_0001, 45.82999801635742, , 0, 0, 0,, 0, 0, 0,, 0, 0, 0,, 5.702264070510864,, network, relaxation,, 2,,,0,2
dnn_CIFAR10-gray_100-100-100_5e-05_0002, 46.07999801635742, , 0, 0, 0,, 0, 0, 0,, 0, 0, 0,, 5.894188165664673,, network, relaxation,, 4,,,0,4
dnn_CIFAR10-gray_100-100-100_5e-05_0003, 46.11000061035156, , 0, 0, 0,, 0, 0, 0,, 0, 0, 0,, 6.002876281738281,, network, relaxation,, 2,,,0,2
dnn_CIFAR10-gray_100-100-100_5e-05_0004, 45.55999755859375, , 0, 0, 0,, 0, 0, 0,, 0, 0, 0,, 6.153213262557983,, network, relaxation,, 4,,,0,4
dnn_CIFAR10-gray_100-100-100_5e-05_0005, 46.11000061035156, , 0, 0, 0,, 0, 0, 0,, 0, 0, 0,, 6.4212095737457275,, network, relaxation,, 3,,,0,3
dnn_CIFAR10-gray_100-100-100_7.500000000000001e-05_0001,1,46
dnn_CIFAR10-gray_100-100-100_7.500000000000001e-05_0002, 45.11000061035156, , 2, 2, 40,, 0, 0, 0,, 0, 0, 0,, 7.826719522476196,, network, relaxation,, 43,,,2,41
dnn_CIFAR10-gray_100-100-100_7.500000000000001e-05_0003, 45.88999938964844, , 0, 0, 37,, 0, 0, 0,, 0, 0, 0,, 4.677474021911621,, network, relaxation,, 37,,,0,37
dnn_CIFAR10-gray_100-100-100_7.500000000000001e-05_0004, 45.23999786376953, , 2, 2, 40,, 0, 0, 0,, 0, 0, 0,, 5.8018975257873535,, network, relaxation,, 43,,,2,41
dnn_CIFAR10-gray_100-100-100_7.500000000000001e-05_0005,1,40
dnn_CIFAR10-gray_100-100-100_0.0001_0001, 44.779998779296875, , 8, 8, 35,, 0, 0, 0,, 0, 0, 0,, 5.809478998184204,, network, relaxation,, 46,,,8,38
dnn_CIFAR10-gray_100-100-100_0.0001_0002, 45.20000076293945, , 2, 2, 40,, 0, 0, 0,, 0, 0, 0,, 8.572006702423096,, network, relaxation,, 44,,,2,42
dnn_CIFAR10-gray_100-100-100_0.0001_0003,1,49
dnn_CIFAR10-gray_100-100-100_0.0001_0004, 44.52000045776367, , 4, 4, 57,, 0, 0, 1,, 0, 0, 0,, 5.580898761749268,, network, relaxation,, 63,,,4,59
dnn_CIFAR10-gray_100-100-100_0.0001_0005,1,47
dnn_CIFAR10-gray_100-100-100_0.000125_0001, 43.459999084472656, , 3, 3, 59,, 0, 0, 6,, 0, 0, 1,, 6.593840599060059,, network, relaxation,, 70,,,3,67
dnn_CIFAR10-gray_100-100-100_0.000125_0002, 44.46999740600586, , 5, 5, 43,, 0, 0, 6,, 0, 0, 0,, 11.124300003051758,, network, relaxation,, 55,,,5,50
dnn_CIFAR10-gray_100-100-100_0.000125_0003, 44.41999816894531, , 4, 4, 50,, 0, 0, 14,, 0, 0, 1,, 7.776556015014648,, network, relaxation,, 72,,,4,68
dnn_CIFAR10-gray_100-100-100_0.000125_0004, 44.48999786376953, , 5, 5, 49,, 0, 0, 5,, 0, 0, 1,, 5.397836923599243,, network, relaxation,, 61,,,5,56
dnn_CIFAR10-gray_100-100-100_0.000125_0005, 44.5, , 6, 6, 44,, 0, 0, 6,, 0, 0, 4,, 4.76335072517395,, network, relaxation,, 60,,,6,54
dnn_CIFAR10-gray_100-100-100_0.00015000000000000001_0001, 43.64999771118164, , 10, 10, 47,, 0, 0, 9,, 1, 1, 6,, 4.792369365692139,, network, relaxation,, 73,,,11,62
dnn_CIFAR10-gray_100-100-100_0.00015000000000000001_0002, 43.57999801635742, , 3, 3, 58,, 0, 0, 14,, 1, 1, 1,, 5.10438871383667,, network, relaxation,, 77,,,4,73
dnn_CIFAR10-gray_100-100-100_0.00015000000000000001_0003, 43.040000915527344, , 5, 5, 57,, 2, 2, 9,, 0, 0, 7,, 10.667628049850464,, network, relaxation,, 81,,,8,73
dnn_CIFAR10-gray_100-100-100_0.00015000000000000001_0004, 43.21999740600586, , 7, 7, 52,, 1, 1, 8,, 1, 1, 4,, 4.808434247970581,, network, relaxation,, 73,,,9,64
dnn_CIFAR10-gray_100-100-100_0.00015000000000000001_0005, 43.72999954223633, , 3, 3, 52,, 3, 3, 10,, 0, 0, 3,, 5.983107566833496,, network, relaxation,, 74,,,8,66
dnn_CIFAR10-gray_100-100-100_0.000175_0001, 42.40999984741211, , 3, 3, 61,, 5, 5, 15,, 3, 3, 15,, 5.411089897155762,, network, relaxation,, 103,,,12,91
dnn_CIFAR10-gray_100-100-100_0.000175_0002, 42.959999084472656, , 3, 3, 64,, 3, 3, 15,, 6, 6, 13,, 28.470322847366333,, network, relaxation,, 105,,,13,92
dnn_CIFAR10-gray_100-100-100_0.000175_0003, 42.86000061035156, , 9, 9, 56,, 5, 5, 13,, 5, 5, 16,, 5.328855991363525,, network, relaxation,, 104,,,19,85
dnn_CIFAR10-gray_100-100-100_0.000175_0004, 43.029998779296875, , 9, 9, 52,, 3, 3, 21,, 3, 3, 14,, 12.59075140953064,, network, relaxation,, 103,,,16,87
dnn_CIFAR10-gray_100-100-100_0.000175_0005, 42.779998779296875, , 13, 13, 53,, 6, 6, 13,, 1, 1, 9,, 5.674715757369995,, network, relaxation,, 96,,,20,76
dnn_CIFAR10-gray_100-100-100_0.0002_0001, 42.68000030517578, , 9, 9, 58,, 5, 5, 13,, 11, 11, 19,, 4.8885908126831055,, network, relaxation,, 115,,,25,90
dnn_CIFAR10-gray_100-100-100_0.0002_0002, 41.81999969482422, , 10, 10, 60,, 6, 6, 14,, 13, 13, 13,, 6.549465179443359,, network, relaxation,, 116,,,29,87
dnn_CIFAR10-gray_100-100-100_0.0002_0003, 41.93000030517578, , 6, 6, 63,, 8, 8, 22,, 9, 9, 10,, 4.865908145904541,, network, relaxation,, 118,,,23,95
dnn_CIFAR10-gray_100-100-100_0.0002_0004, 42.57999801635742, , 8, 8, 58,, 9, 9, 20,, 13, 13, 14,, 4.723747968673706,, network, relaxation,, 122,,,30,92
dnn_CIFAR10-gray_100-100-100_0.0002_0005, 43.0, , 4, 4, 58,, 12, 12, 19,, 8, 8, 17,, 9.284051418304443,, network, relaxation,, 120,,,25,95
dnn_CIFAR10-gray_100-100-100-100_0.0_0001, 45.619998931884766, , 0, 0, 0,, 0, 0, 0,, 0, 0, 0,, 0, 0, 0,, 6.83430552482605,, network, relaxation,, 2,,,0,2
dnn_CIFAR10-gray_100-100-100-100_0.0_0002, 46.27000045776367, , 0, 0, 0,, 0, 0, 0,, 0, 0, 0,, 0, 0, 0,, 5.202289819717407,, network, relaxation,, 0,,,0,0
dnn_CIFAR10-gray_100-100-100-100_0.0_0003, 45.25, , 0, 0, 0,, 0, 0, 0,, 0, 0, 0,, 0, 0, 0,, 11.329833745956421,, network, relaxation,, 7,,,0,7
dnn_CIFAR10-gray_100-100-100-100_0.0_0004, 45.61000061035156, , 0, 0, 0,, 0, 0, 0,, 0, 0, 0,, 0, 0, 0,, 5.472691535949707,, network, relaxation,, 0,,,0,0
dnn_CIFAR10-gray_100-100-100-100_0.0_0005, 45.47999954223633, , 0, 0, 0,, 0, 0, 0,, 0, 0, 0,, 0, 0, 0,, 5.228724241256714,, network, relaxation,, 0,,,0,0
dnn_CIFAR10-gray_100-100-100-100_2.5e-05_0001, 46.73999786376953, , 0, 0, 0,, 0, 0, 0,, 0, 0, 0,, 0, 0, 0,, 5.509491920471191,, network, relaxation,, 0,,,0,0
dnn_CIFAR10-gray_100-100-100-100_2.5e-05_0002,0,1
dnn_CIFAR10-gray_100-100-100-100_2.5e-05_0003, 46.459999084472656, , 0, 0, 0,, 0, 0, 0,, 0, 0, 0,, 0, 0, 0,, 5.519979238510132,, network, relaxation,, 0,,,0,0
dnn_CIFAR10-gray_100-100-100-100_2.5e-05_0004, 45.73999786376953, , 0, 0, 0,, 0, 0, 0,, 0, 0, 0,, 0, 0, 0,, 6.57963752746582,, network, relaxation,, 3,,,0,3
dnn_CIFAR10-gray_100-100-100-100_2.5e-05_0005,0,1
dnn_CIFAR10-gray_100-100-100-100_5e-05_0001, 45.98999786376953, , 0, 0, 0,, 0, 0, 0,, 0, 0, 0,, 0, 0, 0,, 5.983548164367676,, network, relaxation,, 3,,,0,3
dnn_CIFAR10-gray_100-100-100-100_5e-05_0002, 46.099998474121094, , 0, 0, 0,, 0, 0, 0,, 0, 0, 0,, 0, 0, 0,, 106.15909123420715,, network, relaxation,, 2,,,0,2
dnn_CIFAR10-gray_100-100-100-100_5e-05_0003, 46.029998779296875, , 0, 0, 1,, 0, 0, 0,, 0, 0, 0,, 0, 0, 0,, 6.399086236953735,, network, relaxation,, 3,,,0,3
dnn_CIFAR10-gray_100-100-100-100_5e-05_0004, 45.369998931884766, , 0, 0, 1,, 0, 0, 0,, 0, 0, 0,, 0, 0, 0,, 6.327313661575317,, network, relaxation,, 6,,,0,6
dnn_CIFAR10-gray_100-100-100-100_5e-05_0005, 46.41999816894531, , 0, 0, 1,, 0, 0, 0,, 0, 0, 0,, 0, 0, 0,, 6.18636417388916,, network, relaxation,, 6,,,0,6
dnn_CIFAR10-gray_100-100-100-100_7.500000000000001e-05_0001,1,46
dnn_CIFAR10-gray_100-100-100-100_7.500000000000001e-05_0002, 46.46999740600586, , 2, 2, 36,, 0, 0, 0,, 0, 0, 0,, 0, 0, 0,, 9.721082925796509,, network, relaxation,, 40,,,2,38
dnn_CIFAR10-gray_100-100-100-100_7.500000000000001e-05_0003,1,33
dnn_CIFAR10-gray_100-100-100-100_7.500000000000001e-05_0004, 46.05999755859375, , 2, 2, 38,, 0, 0, 0,, 0, 0, 0,, 0, 0, 0,, 15.781114101409912,, network, relaxation,, 42,,,2,40
dnn_CIFAR10-gray_100-100-100-100_7.500000000000001e-05_0005,1,39
dnn_CIFAR10-gray_100-100-100-100_0.0001_0001, 45.779998779296875, , 2, 2, 44,, 0, 0, 5,, 0, 0, 1,, 0, 0, 0,, 8.45748233795166,, network, relaxation,, 54,,,2,52
dnn_CIFAR10-gray_100-100-100-100_0.0001_0002,1,47
dnn_CIFAR10-gray_100-100-100-100_0.0001_0003, 45.16999816894531, , 3, 3, 41,, 0, 0, 5,, 0, 0, 0,, 0, 0, 1,, 6.927299976348877,, network, relaxation,, 52,,,3,49
dnn_CIFAR10-gray_100-100-100-100_0.0001_0004, 44.52000045776367, , 3, 3, 51,, 0, 0, 2,, 0, 0, 0,, 0, 0, 0,, 30.032100439071655,, network, relaxation,, 57,,,3,54
dnn_CIFAR10-gray_100-100-100-100_0.0001_0005,1,54
dnn_CIFAR10-gray_100-100-100-100_0.000125_0001, 44.12999725341797, , 5, 5, 56,, 0, 0, 5,, 0, 0, 0,, 0, 0, 0,, 1094.948595046997,, network, relaxation,, 70,,,5,65
dnn_CIFAR10-gray_100-100-100-100_0.000125_0002, 43.79999923706055, , 6, 6, 46,, 1, 1, 6,, 0, 0, 4,, 0, 0, 3,, 10283.421520233154,, network, relaxation,, 67,,,7,60
dnn_CIFAR10-gray_100-100-100-100_0.000125_0003, 44.62999725341797, , 0, 0, 58,, 0, 0, 3,, 0, 0, 2,, 0, 0, 2,, 34.046648263931274,, network, relaxation,, 66,,,0,66
dnn_CIFAR10-gray_100-100-100-100_0.000125_0004, 43.540000915527344, , 3, 3, 63,, 0, 0, 7,, 0, 0, 2,, 0, 0, 1,, 175.08302974700928,, network, relaxation,, 78,,,3,75
dnn_CIFAR10-gray_100-100-100-100_0.000125_0005, 43.88999938964844, , 6, 6, 51,, 1, 1, 8,, 0, 0, 4,, 0, 0, 1,, 56.906527280807495,, network, relaxation,, 73,,,7,66
dnn_CIFAR10-gray_100-100-100-100_0.00015000000000000001_0001, 43.68000030517578, , 1, 1, 62,, 3, 3, 8,, 1, 1, 3,, 2, 2, 13,, 98.7193033695221,, network, relaxation,, 95,,,9,86
dnn_CIFAR10-gray_100-100-100-100_0.00015000000000000001_0002, 42.47999954223633, , 2, 2, 69,, 3, 3, 4,, 0, 0, 5,, 2, 2, 4,, 916.4778623580933,, network, relaxation,, 92,,,9,83
dnn_CIFAR10-gray_100-100-100-100_0.00015000000000000001_0003, 43.43000030517578, , 4, 4, 59,, 1, 1, 11,, 2, 2, 3,, 1, 1, 6,, 65.03712320327759,, network, relaxation,, 89,,,8,81
dnn_CIFAR10-gray_100-100-100-100_0.00015000000000000001_0004, 43.84000015258789, , 4, 4, 51,, 3, 3, 12,, 4, 4, 7,, 1, 1, 8,, 160.72758269309998,, network, relaxation,, 91,,,13,78
dnn_CIFAR10-gray_100-100-100-100_0.00015000000000000001_0005, 43.43000030517578, , 5, 5, 55,, 3, 3, 11,, 0, 0, 8,, 2, 2, 3,, 1520.9811232089996,, network, relaxation,, 90,,,11,79
dnn_CIFAR10-gray_100-100-100-100_0.000175_0001, 42.279998779296875, , 3, 3, 63,, 2, 2, 18,, 3, 3, 18,, 10, 10, 10,, 18.482861757278442,, network, relaxation,, 130,,,18,112
dnn_CIFAR10-gray_100-100-100-100_0.000175_0002, 42.75, , 3, 3, 56,, 5, 5, 17,, 3, 3, 12,, 6, 6, 16,, 505.8158519268036,, network, relaxation,, 119,,,17,102
dnn_CIFAR10-gray_100-100-100-100_0.000175_0003, 42.89999771118164, , 2, 2, 63,, 3, 3, 13,, 6, 6, 15,, 6, 6, 24,, 2373.824282169342,, network, relaxation,, 134,,,19,115
dnn_CIFAR10-gray_100-100-100-100_0.000175_0004, 42.87999725341797, , -, -, -,, -, -, -,, -, -, -,, -, -, -,, 10847.619973897934,, network, relaxation,, 131,,,33,98
dnn_CIFAR10-gray_100-100-100-100_0.000175_0005, 42.0099983215332, , 8, 8, 58,, 6, 6, 19,, 4, 4, 15,, 9, 9, 19,, 138.3348433971405,, network, relaxation,, 139,,,28,111
dnn_CIFAR10-gray_100-100-100-100_0.0002_0001, 40.96999740600586, , 7, 7, 64,, 11, 11, 25,, 8, 8, 16,, 17, 17, 18,, 370.3918218612671,, network, relaxation,, 171,,,47,124
dnn_CIFAR10-gray_100-100-100-100_0.0002_0002, 41.23999786376953, , 8, 8, 61,, 8, 8, 24,, 11, 11, 17,, 10, 10, 20,, 8.025938034057617,, network, relaxation,, 160,,,37,123
dnn_CIFAR10-gray_100-100-100-100_0.0002_0003, 41.7599983215332, , -, -, -,, -, -, -,, -, -, -,, -, -, -,, 10858.704586744308,, network, relaxation,, 149,,,49,100
dnn_CIFAR10-gray_100-100-100-100_0.0002_0004, 41.65999984741211, , 7, 7, 60,, 19, 19, 22,, 15, 15, 21,, 16, 16, 17,, 56.28957462310791,, network, relaxation,, 179,,,57,122
dnn_CIFAR10-gray_100-100-100-100_0.0002_0005, 41.869998931884766, , 8, 8, 59,, 16, 16, 19,, 10, 10, 25,, 8, 8, 16,, 6.775774717330933,, network, relaxation,, 162,,,43,119
dnn_CIFAR10-gray_100-100-100-100-100_0.0_0001,0,1
dnn_CIFAR10-gray_100-100-100-100-100_0.0_0002, 45.599998474121094, , 0, 0, 0,, 0, 0, 0,, 0, 0, 0,, 0, 0, 0,, 0, 0, 0,, 5.617572069168091,, network, relaxation,, 0,,,0,0
dnn_CIFAR10-gray_100-100-100-100-100_0.0_0003, 45.20000076293945, , 0, 0, 0,, 0, 0, 0,, 0, 0, 0,, 0, 0, 0,, 0, 0, 0,, 7.432878494262695,, network, relaxation,, 5,,,0,5
dnn_CIFAR10-gray_100-100-100-100-100_0.0_0004, 45.46999740600586, , 0, 0, 0,, 0, 0, 0,, 0, 0, 0,, 0, 0, 0,, 0, 0, 0,, 7.359952211380005,, network, relaxation,, 4,,,0,4
dnn_CIFAR10-gray_100-100-100-100-100_0.0_0005, 45.64999771118164, , 0, 0, 0,, 0, 0, 0,, 0, 0, 0,, 0, 0, 0,, 0, 0, 0,, 7.293073415756226,, network, relaxation,, 3,,,0,3
dnn_CIFAR10-gray_100-100-100-100-100_2.5e-05_0001,0,1
dnn_CIFAR10-gray_100-100-100-100-100_2.5e-05_0002, 45.77000045776367, , 0, 0, 0,, 0, 0, 0,, 0, 0, 0,, 0, 0, 0,, 0, 0, 0,, 7.041224479675293,, network, relaxation,, 2,,,0,2
dnn_CIFAR10-gray_100-100-100-100-100_2.5e-05_0003, 46.16999816894531, , 0, 0, 0,, 0, 0, 0,, 0, 0, 0,, 0, 0, 0,, 0, 0, 0,, 7.770584583282471,, network, relaxation,, 2,,,0,2
dnn_CIFAR10-gray_100-100-100-100-100_2.5e-05_0004, 45.13999938964844, , 0, 0, 0,, 0, 0, 0,, 0, 0, 0,, 0, 0, 0,, 0, 0, 0,, 16.778534412384033,, network, relaxation,, 2,,,0,2
dnn_CIFAR10-gray_100-100-100-100-100_2.5e-05_0005,0,1
dnn_CIFAR10-gray_100-100-100-100-100_5e-05_0001, 46.30999755859375, , 0, 0, 1,, 0, 0, 0,, 0, 0, 0,, 0, 0, 0,, 0, 0, 0,, 31.16620659828186,, network, relaxation,, 2,,,0,2
dnn_CIFAR10-gray_100-100-100-100-100_5e-05_0002, 45.06999969482422, , 0, 0, 1,, 0, 0, 0,, 0, 0, 0,, 0, 0, 0,, 0, 0, 0,, 28.579696893692017,, network, relaxation,, 7,,,0,7
dnn_CIFAR10-gray_100-100-100-100-100_5e-05_0003, 46.029998779296875, , 0, 0, 0,, 0, 0, 0,, 0, 0, 0,, 0, 0, 0,, 0, 0, 0,, 7.474453687667847,, network, relaxation,, 3,,,0,3
dnn_CIFAR10-gray_100-100-100-100-100_5e-05_0004, 46.31999969482422, , 0, 0, 0,, 0, 0, 0,, 0, 0, 0,, 0, 0, 0,, 0, 0, 0,, 7.410204648971558,, network, relaxation,, 3,,,0,3
dnn_CIFAR10-gray_100-100-100-100-100_5e-05_0005, 45.869998931884766, , 0, 0, 1,, 0, 0, 0,, 0, 0, 0,, 0, 0, 0,, 0, 0, 0,, 8.702063083648682,, network, relaxation,, 4,,,0,4
dnn_CIFAR10-gray_100-100-100-100-100_7.500000000000001e-05_0001, 45.64999771118164, , 0, 0, 35,, 0, 0, 0,, 0, 0, 1,, 0, 0, 0,, 0, 0, 0,, 14.17912745475769,, network, relaxation,, 37,,,0,37
dnn_CIFAR10-gray_100-100-100-100-100_7.500000000000001e-05_0002, 44.97999954223633, , 0, 0, 39,, 0, 0, 1,, 0, 0, 0,, 0, 0, 0,, 0, 0, 0,, 5.800606966018677,, network, relaxation,, 40,,,0,40
dnn_CIFAR10-gray_100-100-100-100-100_7.500000000000001e-05_0003,1,3
dnn_CIFAR10-gray_100-100-100-100-100_7.500000000000001e-05_0004, 45.619998931884766, , 0, 0, 46,, 0, 0, 0,, 0, 0, 0,, 0, 0, 0,, 0, 0, 0,, 5.5251381397247314,, network, relaxation,, 46,,,0,46
dnn_CIFAR10-gray_100-100-100-100-100_7.500000000000001e-05_0005, 45.11000061035156, , 0, 0, 38,, 0, 0, 0,, 0, 0, 0,, 0, 0, 0,, 0, 0, 0,, 399.82935547828674,, network, relaxation,, 40,,,0,40
dnn_CIFAR10-gray_100-100-100-100-100_0.0001_0001, 44.0099983215332, , 4, 4, 54,, 0, 0, 5,, 0, 0, 0,, 0, 0, 0,, 0, 0, 0,, 112.54662728309631,, network, relaxation,, 64,,,4,60
dnn_CIFAR10-gray_100-100-100-100-100_0.0001_0002,1,54
dnn_CIFAR10-gray_100-100-100-100-100_0.0001_0003, 44.40999984741211, , -, -, -,, -, -, -,, -, -, -,, -, -, -,, -, -, -,, 10832.376775026321,, network, relaxation,, 56,,,5,51
dnn_CIFAR10-gray_100-100-100-100-100_0.0001_0004, 44.45000076293945, , 2, 2, 52,, 0, 0, 5,, 0, 0, 0,, 0, 0, 0,, 0, 0, 0,, 10.109809875488281,, network, relaxation,, 60,,,2,58
dnn_CIFAR10-gray_100-100-100-100-100_0.0001_0005, 44.96999740600586, , -, -, -,, -, -, -,, -, -, -,, -, -, -,, -, -, -,, 10843.423087120056,, network, relaxation,, 54,,,2,52
dnn_CIFAR10-gray_100-100-100-100-100_0.000125_0001, 43.89999771118164, , -, -, -,, -, -, -,, -, -, -,, -, -, -,, -, -, -,, 10809.924026489258,, network, relaxation,, 74,,,0,74
dnn_CIFAR10-gray_100-100-100-100-100_0.000125_0002, 43.93000030517578, , -, -, -,, -, -, -,, -, -, -,, -, -, -,, -, -, -,, 10839.08763217926,, network, relaxation,, 77,,,4,73
dnn_CIFAR10-gray_100-100-100-100-100_0.000125_0003, 44.64999771118164, , -, -, -,, -, -, -,, -, -, -,, -, -, -,, -, -, -,, 10809.313823699951,, network, relaxation,, 66,,,5,61
dnn_CIFAR10-gray_100-100-100-100-100_0.000125_0004, 43.54999923706055, , -, -, -,, -, -, -,, -, -, -,, -, -, -,, -, -, -,, 10813.881358623505,, network, relaxation,, 76,,,8,68
dnn_CIFAR10-gray_100-100-100-100-100_0.000125_0005, 43.43000030517578, , -, -, -,, -, -, -,, -, -, -,, -, -, -,, -, -, -,, 10924.243885993958,, network, relaxation,, 78,,,3,75
dnn_CIFAR10-gray_100-100-100-100-100_0.00015000000000000001_0001, 42.21999740600586, , -, -, -,, -, -, -,, -, -, -,, -, -, -,, -, -, -,, 10864.42319726944,, network, relaxation,, 105,,,19,86
dnn_CIFAR10-gray_100-100-100-100-100_0.00015000000000000001_0002, 42.0099983215332, , -, -, -,, -, -, -,, -, -, -,, -, -, -,, -, -, -,, 10833.029871940613,, network, relaxation,, 106,,,19,87
dnn_CIFAR10-gray_100-100-100-100-100_0.00015000000000000001_0003, 42.790000915527344, , -, -, -,, -, -, -,, -, -, -,, -, -, -,, -, -, -,, 10923.010898590088,, network, relaxation,, 113,,,7,106
dnn_CIFAR10-gray_100-100-100-100-100_0.00015000000000000001_0004, 42.70000076293945, , -, -, -,, -, -, -,, -, -, -,, -, -, -,, -, -, -,, 10842.166472434998,, network, relaxation,, 114,,,14,100
dnn_CIFAR10-gray_100-100-100-100-100_0.00015000000000000001_0005, 43.689998626708984, , -, -, -,, -, -, -,, -, -, -,, -, -, -,, -, -, -,, 10840.993381261826,, network, relaxation,, 111,,,10,101
dnn_CIFAR10-gray_100-100-100-100-100_0.000175_0001, 42.38999938964844, , 7, 7, 57,, 8, 8, 22,, 6, 6, 12,, 7, 7, 15,, 11, 11, 15,, 2080.503704547882,, network, relaxation,, 167,,,44,123
dnn_CIFAR10-gray_100-100-100-100-100_0.000175_0002, 41.91999816894531, , -, -, -,, -, -, -,, -, -, -,, -, -, -,, -, -, -,, 10815.780908823013,, network, relaxation,, 152,,,36,116
dnn_CIFAR10-gray_100-100-100-100-100_0.000175_0003, 41.54999923706055, , 11, 11, 61,, 9, 9, 12,, 11, 11, 14,, 7, 7, 17,, 12, 12, 18,, 2848.517320394516,, network, relaxation,, 176,,,53,123
dnn_CIFAR10-gray_100-100-100-100-100_0.000175_0004, 42.57999801635742, , -, -, -,, -, -, -,, -, -, -,, -, -, -,, -, -, -,, 10809.322862625122,, network, relaxation,, 161,,,34,127
dnn_CIFAR10-gray_100-100-100-100-100_0.000175_0005, 42.30999755859375, , -, -, -,, -, -, -,, -, -, -,, -, -, -,, -, -, -,, 10862.847187042236,, network, relaxation,, 154,,,36,118
dnn_CIFAR10-gray_100-100-100-100-100_0.0002_0001, 42.349998474121094, , 0, 0, 4,, 0, 0, 0,, 0, 0, 1,, 0, 0, 0,, 0, 0, 1,, 6.298127889633179,, network, relaxation,, 11,,,0,11
dnn_CIFAR10-gray_100-100-100-100-100_0.0002_0002, 42.16999816894531, , -, -, -,, -, -, -,, -, -, -,, -, -, -,, -, -, -,, 10815.013570070267,, network, relaxation,, 210,,,68,142
dnn_CIFAR10-gray_100-100-100-100-100_0.0002_0003, 41.38999938964844, , -, -, -,, -, -, -,, -, -, -,, -, -, -,, -, -, -,, 11123.843115091324,, network, relaxation,, 201,,,59,142
dnn_CIFAR10-gray_100-100-100-100-100_0.0002_0004,46,153
dnn_CIFAR10-gray_100-100-100-100-100_0.0002_0005,1,7
dnn_CIFAR10-gray_1600-1600_0.0_0001, 52.44999694824219, , 0, 0, 0,, 0, 0, 0,, 134.87530207633972,, network, relaxation,, 0,,,0,0
dnn_CIFAR10-gray_1600-1600_0.0_0002,0,1
dnn_CIFAR10-gray_1600-1600_0.0_0003, 52.79999923706055, , 0, 0, 0,, 0, 0, 0,, 126.4232189655304,, network, relaxation,, 0,,,0,0
dnn_CIFAR10-gray_1600-1600_0.0_0004,0,1
dnn_CIFAR10-gray_1600-1600_0.0_0005, 52.459999084472656, , 0, 0, 0,, 0, 0, 0,, 123.26605892181396,, network, relaxation,, 0,,,0,0
dnn_CIFAR10-gray_1600-1600_2.5e-05_0001, 50.20000076293945, , 0, 0, 0,, 0, 0, 0,, 121.5389952659607,, network, relaxation,, 0,,,0,0
dnn_CIFAR10-gray_1600-1600_2.5e-05_0002, 51.27000045776367, , 0, 0, 0,, 0, 0, 0,, 472.6414692401886,, network, relaxation,, 5,,,0,5
dnn_CIFAR10-gray_1600-1600_2.5e-05_0003, 50.89999771118164, , 0, 0, 0,, 0, 0, 0,, 122.06176519393921,, network, relaxation,, 0,,,0,0
dnn_CIFAR10-gray_1600-1600_2.5e-05_0004,0,1
dnn_CIFAR10-gray_1600-1600_2.5e-05_0005,0,1
dnn_CIFAR10-gray_1600-1600_5e-05_0001, 48.71999740600586, , -, -, -,, -, -, -,, 10804.373983621597,, network, relaxation,, 431,,,157,274
dnn_CIFAR10-gray_1600-1600_5e-05_0002, 47.87999725341797, , -, -, -,, -, -, -,, 10806.705430269241,, network, relaxation,, 402,,,166,236
dnn_CIFAR10-gray_1600-1600_5e-05_0003, 48.63999938964844, , -, -, -,, -, -, -,, 10805.645996570587,, network, relaxation,, 395,,,170,225
dnn_CIFAR10-gray_1600-1600_5e-05_0004, 48.959999084472656, , -, -, -,, -, -, -,, 10804.349752902985,, network, relaxation,, 414,,,165,249
dnn_CIFAR10-gray_1600-1600_5e-05_0005, 48.98999786376953, , -, -, -,, -, -, -,, 10804.385468006134,, network, relaxation,, 404,,,151,253
dnn_CIFAR10-gray_1600-1600_7.500000000000001e-05_0001, 46.279998779296875, , 642, 642, 426,, 413, 413, 717,, 217.2318947315216,, network, relaxation,, 2203,,,1059,1144
dnn_CIFAR10-gray_1600-1600_7.500000000000001e-05_0002, 46.869998931884766, , 589, 589, 471,, 447, 447, 729,, 415.8327178955078,, network, relaxation,, 2242,,,1039,1203
dnn_CIFAR10-gray_1600-1600_7.500000000000001e-05_0003, 46.54999923706055, , 594, 594, 471,, 433, 433, 684,, 181.9564311504364,, network, relaxation,, 2188,,,1029,1159
dnn_CIFAR10-gray_1600-1600_7.500000000000001e-05_0004, 46.79999923706055, , 603, 603, 455,, 439, 439, 691,, 6241.460011482239,, network, relaxation,, 2195,,,1046,1149
dnn_CIFAR10-gray_1600-1600_7.500000000000001e-05_0005, 46.59000015258789, , 627, 627, 467,, 428, 428, 718,, 2572.777795314789,, network, relaxation,, 2247,,,1062,1185
dnn_CIFAR10-gray_1600-1600_0.0001_0001, 45.20000076293945, , 836, 836, 624,, 546, 546, 777,, 157.6053328514099,, network, relaxation,, 2784,,,1383,1401
dnn_CIFAR10-gray_1600-1600_0.0001_0002, 45.29999923706055, , 819, 819, 667,, 580, 580, 751,, 130.18641257286072,, network, relaxation,, 2818,,,1400,1418
dnn_CIFAR10-gray_1600-1600_0.0001_0003, 45.16999816894531, , 840, 840, 647,, 537, 537, 766,, 138.05826950073242,, network, relaxation,, 2791,,,1377,1414
dnn_CIFAR10-gray_1600-1600_0.0001_0004, 45.36000061035156, , 832, 832, 645,, 503, 503, 808,, 131.68017029762268,, network, relaxation,, 2791,,,1337,1454
dnn_CIFAR10-gray_1600-1600_0.0001_0005, 44.849998474121094, , 800, 800, 667,, 541, 541, 777,, 132.72337532043457,, network, relaxation,, 2787,,,1343,1444
dnn_CIFAR10-gray_1600-1600_0.000125_0001, 43.5099983215332, , 901, 901, 633,, 580, 580, 817,, 137.09754633903503,, network, relaxation,, 2935,,,1484,1451
dnn_CIFAR10-gray_1600-1600_0.000125_0002, 44.06999969482422, , 861, 861, 671,, 583, 583, 805,, 196.66272830963135,, network, relaxation,, 2923,,,1447,1476
dnn_CIFAR10-gray_1600-1600_0.000125_0003, 43.869998931884766, , 840, 840, 691,, 631, 631, 796,, 127.47709894180298,, network, relaxation,, 2959,,,1472,1487
dnn_CIFAR10-gray_1600-1600_0.000125_0004, 44.18000030517578, , 884, 884, 643,, 598, 598, 811,, 125.3294038772583,, network, relaxation,, 2938,,,1484,1454
dnn_CIFAR10-gray_1600-1600_0.000125_0005, 43.59000015258789, , 879, 879, 667,, 604, 604, 785,, 124.21328520774841,, network, relaxation,, 2937,,,1484,1453
dnn_CIFAR10-gray_1600-1600_0.00015000000000000001_0001, 42.79999923706055, , 864, 864, 695,, 628, 628, 808,, 160.20135760307312,, network, relaxation,, 2998,,,1493,1505
dnn_CIFAR10-gray_1600-1600_0.00015000000000000001_0002, 42.29999923706055, , 833, 833, 727,, 684, 684, 769,, 125.01033759117126,, network, relaxation,, 3014,,,1517,1497
dnn_CIFAR10-gray_1600-1600_0.00015000000000000001_0003, 43.09000015258789, , 828, 828, 712,, 695, 695, 771,, 148.87497472763062,, network, relaxation,, 3010,,,1525,1485
dnn_CIFAR10-gray_1600-1600_0.00015000000000000001_0004, 43.369998931884766, , 837, 837, 711,, 634, 634, 818,, 128.54974365234375,, network, relaxation,, 3004,,,1472,1532
dnn_CIFAR10-gray_1600-1600_0.00015000000000000001_0005, 42.70000076293945, , 896, 896, 658,, 700, 700, 761,, 139.41337990760803,, network, relaxation,, 3018,,,1599,1419
dnn_CIFAR10-gray_1600-1600_0.000175_0001, 41.71999740600586, , 907, 907, 658,, 711, 711, 776,, 166.04018259048462,, network, relaxation,, 3055,,,1620,1435
dnn_CIFAR10-gray_1600-1600_0.000175_0002, 41.70000076293945, , 867, 867, 695,, 721, 721, 768,, 129.67357802391052,, network, relaxation,, 3054,,,1591,1463
dnn_CIFAR10-gray_1600-1600_0.000175_0003, 42.13999938964844, , 906, 906, 664,, 702, 702, 785,, 130.8454713821411,, network, relaxation,, 3059,,,1610,1449
dnn_CIFAR10-gray_1600-1600_0.000175_0004, 41.5099983215332, , 867, 867, 695,, 673, 673, 809,, 128.53626775741577,, network, relaxation,, 3046,,,1542,1504
dnn_CIFAR10-gray_1600-1600_0.000175_0005, 42.39999771118164, , 864, 864, 700,, 681, 681, 810,, 127.42665791511536,, network, relaxation,, 3057,,,1546,1511
dnn_CIFAR10-gray_1600-1600_0.0002_0001, 40.619998931884766, , 906, 906, 662,, 772, 772, 739,, 138.0081558227539,, network, relaxation,, 3083,,,1680,1403
dnn_CIFAR10-gray_1600-1600_0.0002_0002, 40.7599983215332, , 906, 906, 661,, 729, 729, 784,, 126.30197072029114,, network, relaxation,, 3082,,,1636,1446
dnn_CIFAR10-gray_1600-1600_0.0002_0003,0,1
dnn_CIFAR10-gray_1600-1600_0.0002_0004, 40.62999725341797, , 865, 865, 707,, 723, 723, 788,, 130.3477282524109,, network, relaxation,, 3085,,,1590,1495
dnn_CIFAR10-gray_1600-1600_0.0002_0005, 40.40999984741211, , 918, 918, 653,, 711, 711, 806,, 123.09751772880554,, network, relaxation,, 3089,,,1629,1460
