dnn_CIFAR10-rgb_100-100_0.0_0001, 54.23999786376953, , 0, 0, 0,, 0, 0, 0,, 14.366869449615479,, network, relaxation,, 15,,,0,15
dnn_CIFAR10-rgb_100-100_0.0_0002, 54.34000015258789, , 0, 0, 0,, 0, 0, 0,, 12.926972150802612,, network, relaxation,, 16,,,0,16
dnn_CIFAR10-rgb_100-100_0.0_0003, 54.14999771118164, , 0, 0, 0,, 0, 0, 0,, 13.448683261871338,, network, relaxation,, 11,,,0,11
dnn_CIFAR10-rgb_100-100_0.0_0004, 54.21999740600586, , 0, 0, 0,, 0, 0, 0,, 13.10298490524292,, network, relaxation,, 23,,,0,23
dnn_CIFAR10-rgb_100-100_0.0_0005, 54.64999771118164, , 0, 0, 0,, 0, 0, 0,, 13.14015793800354,, network, relaxation,, 13,,,0,13
dnn_CIFAR10-rgb_100-100_2.5e-05_0001, 53.05999755859375, , 0, 0, 0,, 0, 0, 0,, 13.712353467941284,, network, relaxation,, 3,,,0,3
dnn_CIFAR10-rgb_100-100_2.5e-05_0002, 53.25, , 0, 0, 0,, 0, 0, 0,, 11.649141073226929,, network, relaxation,, 0,,,0,0
dnn_CIFAR10-rgb_100-100_2.5e-05_0003,0,1
dnn_CIFAR10-rgb_100-100_2.5e-05_0004, 54.88999938964844, , 0, 0, 0,, 0, 0, 0,, 14.74532961845398,, network, relaxation,, 5,,,0,5
dnn_CIFAR10-rgb_100-100_2.5e-05_0005, 54.619998931884766, , 0, 0, 0,, 0, 0, 0,, 15.731782674789429,, network, relaxation,, 4,,,0,4
dnn_CIFAR10-rgb_100-100_5e-05_0001,1,62
dnn_CIFAR10-rgb_100-100_5e-05_0002, 53.18000030517578, , 0, 0, 62,, 0, 0, 0,, 10.799855947494507,, network, relaxation,, 62,,,0,62
dnn_CIFAR10-rgb_100-100_5e-05_0003, 54.05999755859375, , 0, 0, 60,, 0, 0, 0,, 12.476805925369263,, network, relaxation,, 62,,,0,62
dnn_CIFAR10-rgb_100-100_5e-05_0004, 54.05999755859375, , 0, 0, 58,, 0, 0, 0,, 10.468564987182617,, network, relaxation,, 59,,,0,59
dnn_CIFAR10-rgb_100-100_5e-05_0005, 53.029998779296875, , 0, 0, 65,, 0, 0, 0,, 17.935853004455566,, network, relaxation,, 67,,,0,67
dnn_CIFAR10-rgb_100-100_7.500000000000001e-05_0001, 53.15999984741211, , 0, 0, 65,, 0, 0, 0,, 11.873280048370361,, network, relaxation,, 66,,,0,66
dnn_CIFAR10-rgb_100-100_7.500000000000001e-05_0002, 52.099998474121094, , 1, 1, 70,, 0, 0, 3,, 11.520899057388306,, network, relaxation,, 76,,,2,74
dnn_CIFAR10-rgb_100-100_7.500000000000001e-05_0003,1,68
dnn_CIFAR10-rgb_100-100_7.500000000000001e-05_0004, 53.37999725341797, , 2, 2, 62,, 0, 0, 0,, 10.350236892700195,, network, relaxation,, 64,,,2,62
dnn_CIFAR10-rgb_100-100_7.500000000000001e-05_0005, 52.5099983215332, , 0, 0, 72,, 0, 0, 0,, 10.331047773361206,, network, relaxation,, 72,,,0,72
dnn_CIFAR10-rgb_100-100_0.0001_0001, 52.689998626708984, , 0, 0, 70,, 0, 0, 2,, 14.057736158370972,, network, relaxation,, 72,,,0,72
dnn_CIFAR10-rgb_100-100_0.0001_0002,1,69
dnn_CIFAR10-rgb_100-100_0.0001_0003, 52.28999710083008, , 0, 0, 71,, 0, 0, 0,, 10.383802890777588,, network, relaxation,, 71,,,0,71
dnn_CIFAR10-rgb_100-100_0.0001_0004,1,73
dnn_CIFAR10-rgb_100-100_0.0001_0005, 51.88999938964844, , 0, 0, 73,, 0, 0, 5,, 10.175065040588379,, network, relaxation,, 78,,,0,78
dnn_CIFAR10-rgb_100-100_0.000125_0001, 51.849998474121094, , 3, 3, 66,, 0, 0, 7,, 10.59593915939331,, network, relaxation,, 76,,,3,73
dnn_CIFAR10-rgb_100-100_0.000125_0002, 51.7599983215332, , 2, 2, 69,, 0, 0, 4,, 10.466355085372925,, network, relaxation,, 75,,,2,73
dnn_CIFAR10-rgb_100-100_0.000125_0003,1,77
dnn_CIFAR10-rgb_100-100_0.000125_0004,1,88
dnn_CIFAR10-rgb_100-100_0.000125_0005, 52.2599983215332, , 2, 2, 71,, 0, 0, 6,, 10.036483764648438,, network, relaxation,, 79,,,2,77
dnn_CIFAR10-rgb_100-100_0.00015000000000000001_0001, 51.13999938964844, , 2, 2, 71,, 0, 0, 7,, 14.738563537597656,, network, relaxation,, 80,,,2,78
dnn_CIFAR10-rgb_100-100_0.00015000000000000001_0002,1,83
dnn_CIFAR10-rgb_100-100_0.00015000000000000001_0003, 51.34000015258789, , 4, 4, 66,, 0, 0, 13,, 10.32661247253418,, network, relaxation,, 83,,,4,79
dnn_CIFAR10-rgb_100-100_0.00015000000000000001_0004, 51.189998626708984, , 1, 1, 72,, 1, 1, 9,, 10.240806818008423,, network, relaxation,, 83,,,2,81
dnn_CIFAR10-rgb_100-100_0.00015000000000000001_0005, 50.98999786376953, , 3, 3, 69,, 2, 2, 5,, 10.027163028717041,, network, relaxation,, 79,,,5,74
dnn_CIFAR10-rgb_100-100_0.000175_0001, 50.349998474121094, , 5, 5, 70,, 1, 1, 13,, 10.252320766448975,, network, relaxation,, 89,,,6,83
dnn_CIFAR10-rgb_100-100_0.000175_0002, 50.09000015258789, , 1, 1, 76,, 3, 3, 17,, 10.299272537231445,, network, relaxation,, 97,,,4,93
dnn_CIFAR10-rgb_100-100_0.000175_0003, 50.849998474121094, , 2, 2, 73,, 2, 2, 9,, 10.253105401992798,, network, relaxation,, 86,,,4,82
dnn_CIFAR10-rgb_100-100_0.000175_0004, 50.709999084472656, , 2, 2, 69,, 4, 4, 17,, 10.388854265213013,, network, relaxation,, 92,,,6,86
dnn_CIFAR10-rgb_100-100_0.000175_0005, 50.09000015258789, , 7, 7, 67,, 3, 3, 13,, 10.11145830154419,, network, relaxation,, 90,,,10,80
dnn_CIFAR10-rgb_100-100_0.0002_0001, 49.97999954223633, , 6, 6, 70,, 7, 7, 15,, 15.186396837234497,, network, relaxation,, 98,,,13,85
dnn_CIFAR10-rgb_100-100_0.0002_0002, 50.15999984741211, , 3, 3, 73,, 3, 3, 14,, 10.608609676361084,, network, relaxation,, 93,,,6,87
dnn_CIFAR10-rgb_100-100_0.0002_0003, 50.56999969482422, , 2, 2, 74,, 1, 1, 20,, 11.094070196151733,, network, relaxation,, 97,,,3,94
dnn_CIFAR10-rgb_100-100_0.0002_0004, 50.55999755859375, , 5, 5, 70,, 4, 4, 13,, 10.53056001663208,, network, relaxation,, 92,,,9,83
dnn_CIFAR10-rgb_100-100_0.0002_0005, 49.07999801635742, , 1, 1, 75,, 3, 3, 21,, 10.133887767791748,, network, relaxation,, 100,,,4,96
dnn_CIFAR10-rgb_100-100_0.00022500000000000002_0001, 49.349998474121094, , 5, 5, 72,, 6, 6, 18,, 10.442506074905396,, network, relaxation,, 101,,,11,90
dnn_CIFAR10-rgb_100-100_0.00022500000000000002_0002, 49.07999801635742, , 2, 2, 72,, 3, 3, 25,, 10.70136046409607,, network, relaxation,, 102,,,5,97
dnn_CIFAR10-rgb_100-100_0.00022500000000000002_0003, 49.79999923706055, , 1, 1, 74,, 5, 5, 15,, 10.394739389419556,, network, relaxation,, 95,,,6,89
dnn_CIFAR10-rgb_100-100_0.00022500000000000002_0004, 50.07999801635742, , 4, 4, 73,, 8, 8, 13,, 10.095106601715088,, network, relaxation,, 98,,,12,86
dnn_CIFAR10-rgb_100-100_0.00022500000000000002_0005, 49.47999954223633, , 3, 3, 72,, 4, 4, 15,, 13.027696132659912,, network, relaxation,, 95,,,8,87
dnn_CIFAR10-rgb_100-100_0.00025_0001, 48.959999084472656, , 8, 8, 70,, 10, 10, 21,, 11.713387489318848,, network, relaxation,, 109,,,18,91
dnn_CIFAR10-rgb_100-100_0.00025_0002, 48.619998931884766, , 4, 4, 78,, 11, 11, 15,, 10.481616735458374,, network, relaxation,, 108,,,15,93
dnn_CIFAR10-rgb_100-100_0.00025_0003, 48.22999954223633, , 8, 8, 72,, 14, 14, 18,, 10.255205154418945,, network, relaxation,, 112,,,22,90
dnn_CIFAR10-rgb_100-100_0.00025_0004, 48.18000030517578, , 5, 5, 75,, 12, 12, 13,, 10.172484874725342,, network, relaxation,, 105,,,17,88
dnn_CIFAR10-rgb_100-100_0.00025_0005, 48.63999938964844, , 5, 5, 74,, 14, 14, 21,, 11.591833114624023,, network, relaxation,, 114,,,19,95
dnn_CIFAR10-rgb_100-100_0.000275_0001, 47.71999740600586, , 7, 7, 75,, 11, 11, 24,, 10.062510967254639,, network, relaxation,, 117,,,18,99
dnn_CIFAR10-rgb_100-100_0.000275_0002, 48.369998931884766, , 4, 4, 75,, 9, 9, 13,, 10.489189863204956,, network, relaxation,, 101,,,13,88
dnn_CIFAR10-rgb_100-100_0.000275_0003, 47.47999954223633, , 5, 5, 77,, 14, 14, 20,, 10.114295959472656,, network, relaxation,, 116,,,19,97
dnn_CIFAR10-rgb_100-100_0.000275_0004, 48.18000030517578, , 6, 6, 74,, 9, 9, 13,, 10.398732662200928,, network, relaxation,, 102,,,15,87
dnn_CIFAR10-rgb_100-100_0.000275_0005, 48.209999084472656, , 1, 1, 81,, 16, 16, 16,, 10.53407907485962,, network, relaxation,, 114,,,17,97
dnn_CIFAR10-rgb_100-100_0.00030000000000000003_0001, 47.68000030517578, , 6, 6, 77,, 8, 8, 26,, 10.406444549560547,, network, relaxation,, 117,,,14,103
dnn_CIFAR10-rgb_100-100_0.00030000000000000003_0002, 46.849998474121094, , 1, 1, 84,, 13, 13, 19,, 10.359649419784546,, network, relaxation,, 117,,,14,103
dnn_CIFAR10-rgb_100-100_0.00030000000000000003_0003, 48.55999755859375, , 5, 5, 74,, 4, 4, 31,, 10.65712022781372,, network, relaxation,, 114,,,9,105
dnn_CIFAR10-rgb_100-100_0.00030000000000000003_0004, 47.90999984741211, , 3, 3, 79,, 17, 17, 20,, 10.142630815505981,, network, relaxation,, 119,,,20,99
dnn_CIFAR10-rgb_100-100_0.00030000000000000003_0005, 47.81999969482422, , 7, 7, 72,, 12, 12, 25,, 11.702722787857056,, network, relaxation,, 117,,,19,98
dnn_CIFAR10-rgb_100-100_0.00032500000000000004_0001, 47.25, , 5, 5, 79,, 15, 15, 29,, 10.322547674179077,, network, relaxation,, 128,,,20,108
dnn_CIFAR10-rgb_100-100_0.00032500000000000004_0002, 47.40999984741211, , 8, 8, 73,, 18, 18, 30,, 10.128829717636108,, network, relaxation,, 129,,,26,103
dnn_CIFAR10-rgb_100-100_0.00032500000000000004_0003, 47.21999740600586, , 5, 5, 77,, 11, 11, 27,, 10.697664260864258,, network, relaxation,, 120,,,16,104
dnn_CIFAR10-rgb_100-100_0.00032500000000000004_0004, 46.78999710083008, , 8, 8, 76,, 15, 15, 22,, 10.557004451751709,, network, relaxation,, 121,,,23,98
dnn_CIFAR10-rgb_100-100_0.00032500000000000004_0005, 47.2599983215332, , 10, 10, 74,, 21, 21, 19,, 10.203294515609741,, network, relaxation,, 124,,,31,93
dnn_CIFAR10-rgb_100-100_0.00035_0001, 47.14999771118164, , 4, 4, 78,, 18, 18, 29,, 10.371294021606445,, network, relaxation,, 129,,,22,107
dnn_CIFAR10-rgb_100-100_0.00035_0002, 47.41999816894531, , 5, 5, 78,, 18, 18, 24,, 10.132404804229736,, network, relaxation,, 125,,,23,102
dnn_CIFAR10-rgb_100-100_0.00035_0003, 47.59000015258789, , 2, 2, 80,, 12, 12, 31,, 10.188729047775269,, network, relaxation,, 125,,,14,111
dnn_CIFAR10-rgb_100-100_0.00035_0004, 46.959999084472656, , 8, 8, 74,, 21, 21, 25,, 10.658634901046753,, network, relaxation,, 128,,,29,99
dnn_CIFAR10-rgb_100-100_0.00035_0005, 46.90999984741211, , 2, 2, 81,, 15, 15, 31,, 11.254281282424927,, network, relaxation,, 129,,,17,112
dnn_CIFAR10-rgb_100-100_0.000375_0001, 47.39999771118164, , 4, 4, 77,, 21, 21, 24,, 11.639502048492432,, network, relaxation,, 126,,,25,101
dnn_CIFAR10-rgb_100-100_0.000375_0002, 46.82999801635742, , 5, 5, 79,, 23, 23, 32,, 10.539953231811523,, network, relaxation,, 139,,,28,111
dnn_CIFAR10-rgb_100-100_0.000375_0003, 46.459999084472656, , 9, 9, 76,, 17, 17, 31,, 10.56441879272461,, network, relaxation,, 133,,,26,107
dnn_CIFAR10-rgb_100-100_0.000375_0004, 46.47999954223633, , 5, 5, 80,, 15, 15, 33,, 10.509467601776123,, network, relaxation,, 133,,,20,113
dnn_CIFAR10-rgb_100-100_0.000375_0005, 46.79999923706055, , 6, 6, 78,, 18, 18, 32,, 10.41145658493042,, network, relaxation,, 134,,,24,110
dnn_CIFAR10-rgb_100-100_0.0004_0001, 46.349998474121094, , 7, 7, 75,, 11, 11, 41,, 11.420223712921143,, network, relaxation,, 134,,,18,116
dnn_CIFAR10-rgb_100-100_0.0004_0002, 45.84000015258789, , 5, 5, 82,, 21, 21, 29,, 11.155545949935913,, network, relaxation,, 137,,,26,111
dnn_CIFAR10-rgb_100-100_0.0004_0003, 46.619998931884766, , 8, 8, 76,, 28, 28, 26,, 10.92586088180542,, network, relaxation,, 138,,,36,102
dnn_CIFAR10-rgb_100-100_0.0004_0004, 46.34000015258789, , 9, 9, 77,, 17, 17, 34,, 10.390454530715942,, network, relaxation,, 137,,,26,111
dnn_CIFAR10-rgb_100-100_0.0004_0005, 46.22999954223633, , 6, 6, 79,, 16, 16, 34,, 10.570216178894043,, network, relaxation,, 135,,,22,113
dnn_CIFAR10-rgb_200-200_0.0_0001, 56.89999771118164, , 0, 0, 0,, 0, 0, 0,, 21.95966625213623,, network, relaxation,, 14,,,0,14
dnn_CIFAR10-rgb_200-200_0.0_0002, 56.75, , 0, 0, 0,, 0, 0, 0,, 21.70662760734558,, network, relaxation,, 11,,,0,11
dnn_CIFAR10-rgb_200-200_0.0_0003, 57.11000061035156, , 0, 0, 0,, 0, 0, 0,, 22.356155395507812,, network, relaxation,, 18,,,0,18
dnn_CIFAR10-rgb_200-200_0.0_0004, 56.81999969482422, , 0, 0, 0,, 0, 0, 0,, 25.503931283950806,, network, relaxation,, 8,,,0,8
dnn_CIFAR10-rgb_200-200_0.0_0005, 56.599998474121094, , 0, 0, 0,, 0, 0, 0,, 21.780131816864014,, network, relaxation,, 12,,,0,12
dnn_CIFAR10-rgb_200-200_2.5e-05_0001, 56.66999816894531, , 0, 0, 0,, 0, 0, 0,, 28.405603170394897,, network, relaxation,, 6,,,0,6
dnn_CIFAR10-rgb_200-200_2.5e-05_0002,0,1
dnn_CIFAR10-rgb_200-200_2.5e-05_0003,0,1
dnn_CIFAR10-rgb_200-200_2.5e-05_0004,1,3
dnn_CIFAR10-rgb_200-200_2.5e-05_0005, 56.05999755859375, , 0, 0, 0,, 0, 0, 0,, 29.088609218597412,, network, relaxation,, 5,,,0,5
dnn_CIFAR10-rgb_200-200_5e-05_0001, 56.709999084472656, , 3, 3, 113,, 0, 0, 0,, 20.882304668426514,, network, relaxation,, 117,,,4,113
dnn_CIFAR10-rgb_200-200_5e-05_0002, 55.779998779296875, , 2, 2, 122,, 0, 0, 0,, 28.523263931274414,, network, relaxation,, 125,,,3,122
dnn_CIFAR10-rgb_200-200_5e-05_0003,1,116
dnn_CIFAR10-rgb_200-200_5e-05_0004, 56.5, , 3, 3, 111,, 0, 0, 0,, 46.693771839141846,, network, relaxation,, 118,,,5,113
dnn_CIFAR10-rgb_200-200_5e-05_0005, 56.36000061035156, , 3, 3, 104,, 0, 0, 0,, 45.14901542663574,, network, relaxation,, 109,,,5,104
dnn_CIFAR10-rgb_200-200_7.500000000000001e-05_0001, 55.30999755859375, , 6, 6, 128,, 0, 0, 3,, 58.170671463012695,, network, relaxation,, 139,,,6,133
dnn_CIFAR10-rgb_200-200_7.500000000000001e-05_0002, 55.72999954223633, , 10, 10, 127,, 0, 0, 1,, 34.121037006378174,, network, relaxation,, 139,,,11,128
dnn_CIFAR10-rgb_200-200_7.500000000000001e-05_0003, 55.779998779296875, , 8, 8, 134,, 0, 0, 4,, 21.216819763183594,, network, relaxation,, 146,,,8,138
dnn_CIFAR10-rgb_200-200_7.500000000000001e-05_0004, 55.23999786376953, , 16, 16, 117,, 0, 0, 0,, 46.057260513305664,, network, relaxation,, 134,,,16,118
dnn_CIFAR10-rgb_200-200_7.500000000000001e-05_0005, 55.31999969482422, , 10, 10, 132,, 0, 0, 3,, 21.36672067642212,, network, relaxation,, 145,,,10,135
dnn_CIFAR10-rgb_200-200_0.0001_0001, 54.03999710083008, , 10, 10, 149,, 2, 2, 12,, 21.21667718887329,, network, relaxation,, 173,,,12,161
dnn_CIFAR10-rgb_200-200_0.0001_0002, 54.14999771118164, , 10, 10, 139,, 0, 0, 8,, 21.27818012237549,, network, relaxation,, 157,,,10,147
dnn_CIFAR10-rgb_200-200_0.0001_0003, 54.40999984741211, , 10, 10, 136,, 0, 0, 7,, 34.44154238700867,, network, relaxation,, 154,,,10,144
dnn_CIFAR10-rgb_200-200_0.0001_0004, 54.87999725341797, , 9, 9, 136,, 0, 0, 13,, 21.170235633850098,, network, relaxation,, 158,,,9,149
dnn_CIFAR10-rgb_200-200_0.0001_0005, 54.05999755859375, , 16, 16, 139,, 0, 0, 10,, 21.470109701156616,, network, relaxation,, 165,,,16,149
dnn_CIFAR10-rgb_200-200_0.000125_0001, 52.80999755859375, , 18, 18, 143,, 6, 6, 24,, 3725.0859875679016,, network, relaxation,, 191,,,24,167
dnn_CIFAR10-rgb_200-200_0.000125_0002, 53.54999923706055, , 11, 11, 143,, 7, 7, 23,, 23.284077644348145,, network, relaxation,, 185,,,18,167
dnn_CIFAR10-rgb_200-200_0.000125_0003, 53.03999710083008, , 21, 21, 140,, 6, 6, 29,, 21.571476697921753,, network, relaxation,, 196,,,27,169
dnn_CIFAR10-rgb_200-200_0.000125_0004, 53.599998474121094, , 13, 13, 146,, 6, 6, 28,, 21.166914224624634,, network, relaxation,, 193,,,19,174
dnn_CIFAR10-rgb_200-200_0.000125_0005, 53.37999725341797, , 23, 23, 133,, 11, 11, 29,, 22.857229709625244,, network, relaxation,, 196,,,34,162
dnn_CIFAR10-rgb_200-200_0.00015000000000000001_0001, 50.63999938964844, , 12, 12, 154,, 16, 16, 32,, 30.17269992828369,, network, relaxation,, 215,,,28,187
dnn_CIFAR10-rgb_200-200_0.00015000000000000001_0002, 52.15999984741211, , 15, 15, 144,, 18, 18, 33,, 24.114702224731445,, network, relaxation,, 212,,,34,178
dnn_CIFAR10-rgb_200-200_0.00015000000000000001_0003, 52.38999938964844, , 22, 22, 142,, 19, 19, 29,, 23.555604219436646,, network, relaxation,, 212,,,41,171
dnn_CIFAR10-rgb_200-200_0.00015000000000000001_0004, 51.869998931884766, , 17, 17, 145,, 18, 18, 43,, 22.33113121986389,, network, relaxation,, 223,,,35,188
dnn_CIFAR10-rgb_200-200_0.00015000000000000001_0005, 52.25, , 25, 25, 139,, 15, 15, 44,, 20.85819911956787,, network, relaxation,, 223,,,40,183
dnn_CIFAR10-rgb_200-200_0.000175_0001, 50.97999954223633, , 20, 20, 147,, 29, 29, 46,, 21.98854088783264,, network, relaxation,, 242,,,49,193
dnn_CIFAR10-rgb_200-200_0.000175_0002, 50.939998626708984, , 21, 21, 148,, 31, 31, 38,, 22.525230884552002,, network, relaxation,, 238,,,52,186
dnn_CIFAR10-rgb_200-200_0.000175_0003, 50.91999816894531, , 19, 19, 149,, 21, 21, 61,, 20.979352951049805,, network, relaxation,, 250,,,40,210
dnn_CIFAR10-rgb_200-200_0.000175_0004, 51.79999923706055, , 14, 14, 155,, 22, 22, 45,, 20.6250216960907,, network, relaxation,, 236,,,36,200
dnn_CIFAR10-rgb_200-200_0.000175_0005, 51.5, , 22, 22, 146,, 24, 24, 48,, 22.047712326049805,, network, relaxation,, 242,,,47,195
dnn_CIFAR10-rgb_200-200_0.0002_0001, 50.64999771118164, , 16, 16, 154,, 32, 32, 63,, 22.431090116500854,, network, relaxation,, 266,,,48,218
dnn_CIFAR10-rgb_200-200_0.0002_0002, 50.28999710083008, , 19, 19, 154,, 43, 43, 48,, 21.683817625045776,, network, relaxation,, 264,,,62,202
dnn_CIFAR10-rgb_200-200_0.0002_0003, 50.30999755859375, , 15, 15, 153,, 38, 38, 56,, 20.438190698623657,, network, relaxation,, 262,,,53,209
dnn_CIFAR10-rgb_200-200_0.0002_0004, 50.37999725341797, , 19, 19, 151,, 41, 41, 54,, 22.40357995033264,, network, relaxation,, 265,,,60,205
dnn_CIFAR10-rgb_200-200_0.0002_0005, 50.31999969482422, , 23, 23, 148,, 40, 40, 52,, 27.40980815887451,, network, relaxation,, 265,,,65,200
dnn_CIFAR10-rgb_400-400_0.0_0001, 58.869998931884766, , 0, 0, 0,, 0, 0, 0,, 48.96377205848694,, network, relaxation,, 6,,,0,6
dnn_CIFAR10-rgb_400-400_0.0_0002, 58.48999786376953, , 0, 0, 0,, 0, 0, 0,, 47.64590501785278,, network, relaxation,, 20,,,0,20
dnn_CIFAR10-rgb_400-400_0.0_0003, 58.779998779296875, , 0, 0, 0,, 0, 0, 0,, 45.91248035430908,, network, relaxation,, 5,,,0,5
dnn_CIFAR10-rgb_400-400_0.0_0004, 58.73999786376953, , 0, 0, 0,, 0, 0, 0,, 48.60440182685852,, network, relaxation,, 9,,,0,9
dnn_CIFAR10-rgb_400-400_0.0_0005, 58.72999954223633, , 0, 0, 0,, 0, 0, 0,, 50.91180467605591,, network, relaxation,, 9,,,0,9
dnn_CIFAR10-rgb_400-400_2.5e-05_0001,0,1
dnn_CIFAR10-rgb_400-400_2.5e-05_0002, 59.05999755859375, , 0, 0, 0,, 0, 0, 0,, 60.93647789955139,, network, relaxation,, 4,,,0,4
dnn_CIFAR10-rgb_400-400_2.5e-05_0003, 59.16999816894531, , 0, 0, 0,, 0, 0, 0,, 41.426817655563354,, network, relaxation,, 0,,,0,0
dnn_CIFAR10-rgb_400-400_2.5e-05_0004, 59.93000030517578, , 0, 0, 0,, 0, 0, 0,, 63.243884801864624,, network, relaxation,, 3,,,0,3
dnn_CIFAR10-rgb_400-400_2.5e-05_0005, 58.869998931884766, , 0, 0, 0,, 0, 0, 0,, 60.28656458854675,, network, relaxation,, 3,,,0,3
dnn_CIFAR10-rgb_400-400_5e-05_0001, 58.18000030517578, , 20, 20, 221,, 0, 0, 0,, 51.097121715545654,, network, relaxation,, 245,,,23,222
dnn_CIFAR10-rgb_400-400_5e-05_0002, 58.23999786376953, , 25, 25, 217,, 0, 0, 0,, 43.391202449798584,, network, relaxation,, 242,,,25,217
dnn_CIFAR10-rgb_400-400_5e-05_0003, 58.29999923706055, , 21, 21, 215,, 0, 0, 0,, 56.46894717216492,, network, relaxation,, 239,,,23,216
dnn_CIFAR10-rgb_400-400_5e-05_0004, 58.029998779296875, , 19, 19, 240,, 0, 0, 0,, 47.40228271484375,, network, relaxation,, 262,,,22,240
dnn_CIFAR10-rgb_400-400_5e-05_0005, 58.02000045776367, , 21, 21, 223,, 0, 0, 0,, 109.499920129776,, network, relaxation,, 250,,,25,225
dnn_CIFAR10-rgb_400-400_7.500000000000001e-05_0001, 56.37999725341797, , 35, 35, 276,, 3, 3, 21,, 54.45095157623291,, network, relaxation,, 336,,,38,298
dnn_CIFAR10-rgb_400-400_7.500000000000001e-05_0002, 56.119998931884766, , 42, 42, 260,, 3, 3, 29,, 47.953434228897095,, network, relaxation,, 338,,,47,291
dnn_CIFAR10-rgb_400-400_7.500000000000001e-05_0003, 56.07999801635742, , 42, 42, 270,, 7, 7, 22,, 46.97095513343811,, network, relaxation,, 343,,,50,293
dnn_CIFAR10-rgb_400-400_7.500000000000001e-05_0004, 55.939998626708984, , 47, 47, 272,, 3, 3, 22,, 52.619969844818115,, network, relaxation,, 345,,,51,294
dnn_CIFAR10-rgb_400-400_7.500000000000001e-05_0005, 56.09000015258789, , 36, 36, 281,, 7, 7, 33,, 52.30500769615173,, network, relaxation,, 358,,,43,315
dnn_CIFAR10-rgb_400-400_0.0001_0001, 54.75, , 64, 64, 275,, 34, 34, 77,, 45.70766234397888,, network, relaxation,, 451,,,99,352
dnn_CIFAR10-rgb_400-400_0.0001_0002, 55.369998931884766, , 49, 49, 285,, 32, 32, 69,, 45.052512407302856,, network, relaxation,, 436,,,81,355
dnn_CIFAR10-rgb_400-400_0.0001_0003, 54.73999786376953, , 52, 52, 283,, 44, 44, 63,, 47.24352288246155,, network, relaxation,, 444,,,97,347
dnn_CIFAR10-rgb_400-400_0.0001_0004, 54.97999954223633, , 59, 59, 278,, 40, 40, 86,, 54.90189337730408,, network, relaxation,, 463,,,99,364
dnn_CIFAR10-rgb_400-400_0.0001_0005, 55.02000045776367, , 39, 39, 300,, 35, 35, 87,, 49.28803586959839,, network, relaxation,, 463,,,76,387
dnn_CIFAR10-rgb_400-400_0.000125_0001, 53.64999771118164, , 74, 74, 284,, 63, 63, 110,, 42.69317650794983,, network, relaxation,, 532,,,137,395
dnn_CIFAR10-rgb_400-400_0.000125_0002, 53.29999923706055, , 64, 64, 287,, 67, 67, 103,, 47.46310758590698,, network, relaxation,, 523,,,133,390
dnn_CIFAR10-rgb_400-400_0.000125_0003, 53.779998779296875, , 55, 55, 294,, 72, 72, 92,, 41.61854004859924,, network, relaxation,, 513,,,127,386
dnn_CIFAR10-rgb_400-400_0.000125_0004, 53.36000061035156, , 69, 69, 284,, 79, 79, 99,, 45.523380517959595,, network, relaxation,, 531,,,148,383
dnn_CIFAR10-rgb_400-400_0.000125_0005, 53.459999084472656, , 61, 61, 288,, 79, 79, 90,, 47.729124546051025,, network, relaxation,, 519,,,140,379
dnn_CIFAR10-rgb_400-400_0.00015000000000000001_0001, 52.2599983215332, , 55, 55, 306,, 97, 97, 127,, 41.963666915893555,, network, relaxation,, 585,,,152,433
dnn_CIFAR10-rgb_400-400_0.00015000000000000001_0002, 52.19999694824219, , 70, 70, 285,, 110, 110, 121,, 50.241063594818115,, network, relaxation,, 589,,,183,406
dnn_CIFAR10-rgb_400-400_0.00015000000000000001_0003, 51.529998779296875, , 74, 74, 289,, 112, 112, 121,, 42.12138080596924,, network, relaxation,, 596,,,186,410
dnn_CIFAR10-rgb_400-400_0.00015000000000000001_0004, 51.869998931884766, , 72, 72, 291,, 109, 109, 126,, 43.79473400115967,, network, relaxation,, 598,,,181,417
dnn_CIFAR10-rgb_400-400_0.00015000000000000001_0005, 51.66999816894531, , 66, 66, 293,, 88, 88, 127,, 71.54994893074036,, network, relaxation,, 578,,,157,421
dnn_CIFAR10-rgb_400-400_0.000175_0001, 50.2599983215332, , 71, 71, 297,, 118, 118, 138,, 42.547842025756836,, network, relaxation,, 624,,,189,435
dnn_CIFAR10-rgb_400-400_0.000175_0002, 51.32999801635742, , 72, 72, 293,, 114, 114, 134,, 48.03139591217041,, network, relaxation,, 614,,,187,427
dnn_CIFAR10-rgb_400-400_0.000175_0003, 50.75, , 85, 85, 284,, 137, 137, 131,, 40.47966933250427,, network, relaxation,, 637,,,222,415
dnn_CIFAR10-rgb_400-400_0.000175_0004, 50.61000061035156, , 73, 73, 297,, 126, 126, 138,, 43.48588466644287,, network, relaxation,, 635,,,200,435
dnn_CIFAR10-rgb_400-400_0.000175_0005, 51.47999954223633, , 65, 65, 301,, 107, 107, 155,, 42.634368658065796,, network, relaxation,, 630,,,174,456
dnn_CIFAR10-rgb_400-400_0.0002_0001, 50.61000061035156, , 86, 86, 281,, 137, 137, 144,, 47.569146156311035,, network, relaxation,, 650,,,224,426
dnn_CIFAR10-rgb_400-400_0.0002_0002, 50.279998779296875, , 72, 72, 299,, 137, 137, 154,, 44.332438945770264,, network, relaxation,, 664,,,211,453
dnn_CIFAR10-rgb_400-400_0.0002_0003, 49.84000015258789, , 69, 69, 302,, 125, 125, 155,, 41.82011079788208,, network, relaxation,, 651,,,194,457
dnn_CIFAR10-rgb_400-400_0.0002_0004, 50.53999710083008, , 86, 86, 284,, 139, 139, 144,, 49.71499061584473,, network, relaxation,, 654,,,226,428
dnn_CIFAR10-rgb_400-400_0.0002_0005, 50.209999084472656, , 93, 93, 279,, 121, 121, 157,, 42.472676277160645,, network, relaxation,, 650,,,214,436
dnn_CIFAR10-rgb_800-800_0.0_0001, 60.59000015258789, , 0, 0, 0,, 0, 0, 0,, 117.56109595298767,, network, relaxation,, 6,,,0,6
dnn_CIFAR10-rgb_800-800_0.0_0002, 60.30999755859375, , 0, 0, 0,, 0, 0, 0,, 134.70474243164062,, network, relaxation,, 2,,,0,2
dnn_CIFAR10-rgb_800-800_0.0_0003, 60.2599983215332, , 0, 0, 0,, 0, 0, 0,, 119.06665849685669,, network, relaxation,, 5,,,0,5
dnn_CIFAR10-rgb_800-800_0.0_0004, 60.09000015258789, , 0, 0, 0,, 0, 0, 0,, 122.50989890098572,, network, relaxation,, 6,,,0,6
dnn_CIFAR10-rgb_800-800_0.0_0005, 60.13999938964844, , 0, 0, 0,, 0, 0, 0,, 129.18680238723755,, network, relaxation,, 7,,,0,7
dnn_CIFAR10-rgb_800-800_2.5e-05_0001, 60.29999923706055, , 0, 0, 0,, 0, 0, 0,, 295.19445991516113,, network, relaxation,, 3,,,0,3
dnn_CIFAR10-rgb_800-800_2.5e-05_0002,0,1
dnn_CIFAR10-rgb_800-800_2.5e-05_0003, 60.43000030517578, , 0, 0, 0,, 0, 0, 0,, 91.53236317634583,, network, relaxation,, 0,,,0,0
dnn_CIFAR10-rgb_800-800_2.5e-05_0004, 60.2599983215332, , 0, 0, 0,, 0, 0, 0,, 162.946355342865,, network, relaxation,, 2,,,0,2
dnn_CIFAR10-rgb_800-800_2.5e-05_0005, 60.06999969482422, , 0, 0, 0,, 0, 0, 0,, 219.8833396434784,, network, relaxation,, 2,,,0,2
dnn_CIFAR10-rgb_800-800_5e-05_0001, 58.5099983215332, , 18, 18, 197,, 0, 0, 0,, 265.9709212779999,, network, relaxation,, 556,,,130,426
dnn_CIFAR10-rgb_800-800_5e-05_0002, 58.12999725341797, , 133, 133, 397,, 1, 1, 10,, 195.56773352622986,, network, relaxation,, 553,,,138,415
dnn_CIFAR10-rgb_800-800_5e-05_0003, 58.53999710083008, , 137, 137, 385,, 0, 0, 11,, 374.7919936180115,, network, relaxation,, 539,,,138,401
dnn_CIFAR10-rgb_800-800_5e-05_0004, 58.41999816894531, , 118, 118, 421,, 2, 2, 15,, 228.98517680168152,, network, relaxation,, 564,,,121,443
dnn_CIFAR10-rgb_800-800_5e-05_0005, 58.0099983215332, , 108, 108, 415,, 1, 1, 8,, 134.19689345359802,, network, relaxation,, 537,,,109,428
dnn_CIFAR10-rgb_800-800_7.500000000000001e-05_0001, 56.5099983215332, , 58, 58, 297,, 19, 19, 46,, 136.39519381523132,, network, relaxation,, 1026,,,336,690
dnn_CIFAR10-rgb_800-800_7.500000000000001e-05_0002, 55.80999755859375, , 222, 222, 484,, 118, 118, 173,, 106.3072738647461,, network, relaxation,, 1001,,,344,657
dnn_CIFAR10-rgb_800-800_7.500000000000001e-05_0003, 56.48999786376953, , 199, 199, 493,, 124, 124, 180,, 147.68193221092224,, network, relaxation,, 1003,,,325,678
dnn_CIFAR10-rgb_800-800_7.500000000000001e-05_0004, 56.38999938964844, , 218, 218, 481,, 124, 124, 178,, 131.2422137260437,, network, relaxation,, 1006,,,346,660
dnn_CIFAR10-rgb_800-800_7.500000000000001e-05_0005, 56.11000061035156, , 201, 201, 488,, 118, 118, 177,, 243.74089884757996,, network, relaxation,, 989,,,321,668
dnn_CIFAR10-rgb_800-800_0.0001_0001, 54.39999771118164, , 60, 60, 305,, 74, 74, 89,, 118.9547700881958,, network, relaxation,, 1231,,,466,765
dnn_CIFAR10-rgb_800-800_0.0001_0002, 54.5, , 238, 238, 497,, 193, 193, 272,, 112.53014039993286,, network, relaxation,, 1202,,,433,769
dnn_CIFAR10-rgb_800-800_0.0001_0003, 54.66999816894531, , 213, 213, 526,, 220, 220, 254,, 108.90400958061218,, network, relaxation,, 1216,,,434,782
dnn_CIFAR10-rgb_800-800_0.0001_0004, 54.61000061035156, , 206, 206, 534,, 205, 205, 263,, 100.22167706489563,, network, relaxation,, 1212,,,414,798
dnn_CIFAR10-rgb_800-800_0.0001_0005, 54.849998474121094, , 239, 239, 502,, 205, 205, 264,, 97.94504928588867,, network, relaxation,, 1211,,,445,766
dnn_CIFAR10-rgb_800-800_0.000125_0001, 53.11000061035156, , 234, 234, 520,, 276, 276, 296,, 95.92487120628357,, network, relaxation,, 1326,,,510,816
dnn_CIFAR10-rgb_800-800_0.000125_0002, 52.80999755859375, , 258, 258, 492,, 256, 256, 314,, 101.84317374229431,, network, relaxation,, 1323,,,515,808
dnn_CIFAR10-rgb_800-800_0.000125_0003, 53.88999938964844, , 234, 234, 517,, 243, 243, 332,, 122.14400267601013,, network, relaxation,, 1327,,,478,849
dnn_CIFAR10-rgb_800-800_0.000125_0004, 52.64999771118164, , 248, 248, 502,, 271, 271, 284,, 134.42090392112732,, network, relaxation,, 1312,,,524,788
dnn_CIFAR10-rgb_800-800_0.000125_0005, 53.40999984741211, , 273, 273, 478,, 263, 263, 293,, 175.22452116012573,, network, relaxation,, 1309,,,537,772
dnn_CIFAR10-rgb_800-800_0.00015000000000000001_0001, 51.5, , 255, 255, 505,, 301, 301, 319,, 94.76462268829346,, network, relaxation,, 1381,,,556,825
dnn_CIFAR10-rgb_800-800_0.00015000000000000001_0002, 51.64999771118164, , 246, 246, 516,, 288, 288, 326,, 101.51518678665161,, network, relaxation,, 1379,,,536,843
dnn_CIFAR10-rgb_800-800_0.00015000000000000001_0003, 51.96999740600586, , 249, 249, 514,, 305, 305, 327,, 98.11498522758484,, network, relaxation,, 1396,,,554,842
dnn_CIFAR10-rgb_800-800_0.00015000000000000001_0004, 52.28999710083008, , 255, 255, 507,, 290, 290, 324,, 111.97365093231201,, network, relaxation,, 1377,,,545,832
dnn_CIFAR10-rgb_800-800_0.00015000000000000001_0005, 51.77000045776367, , 262, 262, 500,, 297, 297, 333,, 123.49316835403442,, network, relaxation,, 1395,,,562,833
dnn_CIFAR10-rgb_800-800_0.000175_0001, 50.52000045776367, , 272, 272, 499,, 335, 335, 313,, 94.2330892086029,, network, relaxation,, 1421,,,608,813
dnn_CIFAR10-rgb_800-800_0.000175_0002, 50.779998779296875, , 283, 283, 490,, 318, 318, 333,, 94.77253127098083,, network, relaxation,, 1424,,,601,823
dnn_CIFAR10-rgb_800-800_0.000175_0003, 50.029998779296875, , 253, 253, 514,, 306, 306, 339,, 98.70440721511841,, network, relaxation,, 1414,,,560,854
dnn_CIFAR10-rgb_800-800_0.000175_0004, 50.73999786376953, , 269, 269, 500,, 329, 329, 328,, 99.59620690345764,, network, relaxation,, 1428,,,599,829
dnn_CIFAR10-rgb_800-800_0.000175_0005, 51.0099983215332, , 261, 261, 504,, 329, 329, 329,, 108.170969247818,, network, relaxation,, 1427,,,591,836
dnn_CIFAR10-rgb_800-800_0.0002_0001, 50.439998626708984, , 272, 272, 502,, 352, 352, 334,, 91.00596499443054,, network, relaxation,, 1461,,,625,836
dnn_CIFAR10-rgb_800-800_0.0002_0002, 50.48999786376953, , 272, 272, 500,, 332, 332, 342,, 91.97613167762756,, network, relaxation,, 1446,,,604,842
dnn_CIFAR10-rgb_800-800_0.0002_0003, 50.18000030517578, , 274, 274, 494,, 350, 350, 327,, 99.73328971862793,, network, relaxation,, 1448,,,626,822
dnn_CIFAR10-rgb_800-800_0.0002_0004, 50.099998474121094, , 292, 292, 479,, 354, 354, 337,, 105.33455467224121,, network, relaxation,, 1463,,,647,816
dnn_CIFAR10-rgb_800-800_0.0002_0005, 50.36000061035156, , 293, 293, 480,, 346, 346, 328,, 101.19517040252686,, network, relaxation,, 1449,,,639,810
dnn_CIFAR10-rgb_100-100-100_0.0_0001, 54.439998626708984, , 0, 0, 0,, 0, 0, 0,, 0, 0, 0,, 11.854249238967896,, network, relaxation,, 11,,,0,11
dnn_CIFAR10-rgb_100-100-100_0.0_0002, 52.71999740600586, , 0, 0, 0,, 0, 0, 0,, 0, 0, 0,, 14.523836851119995,, network, relaxation,, 26,,,0,26
dnn_CIFAR10-rgb_100-100-100_0.0_0003, 54.09000015258789, , 0, 0, 0,, 0, 0, 0,, 0, 0, 0,, 11.569597959518433,, network, relaxation,, 18,,,0,18
dnn_CIFAR10-rgb_100-100-100_0.0_0004, 53.84000015258789, , 0, 0, 0,, 0, 0, 0,, 0, 0, 0,, 11.694033145904541,, network, relaxation,, 9,,,0,9
dnn_CIFAR10-rgb_100-100-100_0.0_0005, 53.55999755859375, , 0, 0, 0,, 0, 0, 0,, 0, 0, 0,, 13.770827054977417,, network, relaxation,, 20,,,0,20
dnn_CIFAR10-rgb_100-100-100_2.5e-05_0001, 54.529998779296875, , 0, 0, 0,, 0, 0, 0,, 0, 0, 0,, 15.971876859664917,, network, relaxation,, 2,,,0,2
dnn_CIFAR10-rgb_100-100-100_2.5e-05_0002, 54.69999694824219, , 0, 0, 0,, 0, 0, 0,, 0, 0, 0,, 14.588114023208618,, network, relaxation,, 2,,,0,2
dnn_CIFAR10-rgb_100-100-100_2.5e-05_0003, 54.27000045776367, , 0, 0, 0,, 0, 0, 0,, 0, 0, 0,, 11.168765544891357,, network, relaxation,, 0,,,0,0
dnn_CIFAR10-rgb_100-100-100_2.5e-05_0004, 53.87999725341797, , 0, 0, 0,, 0, 0, 0,, 0, 0, 0,, 35.825379848480225,, network, relaxation,, 9,,,0,9
dnn_CIFAR10-rgb_100-100-100_2.5e-05_0005, 55.0, , 0, 0, 0,, 0, 0, 0,, 0, 0, 0,, 21.6296329498291,, network, relaxation,, 3,,,0,3
dnn_CIFAR10-rgb_100-100-100_5e-05_0001,1,65
dnn_CIFAR10-rgb_100-100-100_5e-05_0002, 54.29999923706055, , 0, 0, 65,, 0, 0, 0,, 0, 0, 0,, 11.042325973510742,, network, relaxation,, 65,,,0,65
dnn_CIFAR10-rgb_100-100-100_5e-05_0003,1,71
dnn_CIFAR10-rgb_100-100-100_5e-05_0004,1,67
dnn_CIFAR10-rgb_100-100-100_5e-05_0005,1,73
dnn_CIFAR10-rgb_100-100-100_7.500000000000001e-05_0001,1,80
dnn_CIFAR10-rgb_100-100-100_7.500000000000001e-05_0002, 53.849998474121094, , 0, 0, 70,, 0, 0, 2,, 0, 0, 0,, 11.02069091796875,, network, relaxation,, 72,,,0,72
dnn_CIFAR10-rgb_100-100-100_7.500000000000001e-05_0003, 53.27000045776367, , 3, 3, 65,, 0, 0, 0,, 0, 0, 0,, 11.624401330947876,, network, relaxation,, 70,,,3,67
dnn_CIFAR10-rgb_100-100-100_7.500000000000001e-05_0004, 52.69999694824219, , 0, 0, 74,, 0, 0, 3,, 0, 0, 0,, 13.169236421585083,, network, relaxation,, 79,,,0,79
dnn_CIFAR10-rgb_100-100-100_7.500000000000001e-05_0005,1,61
dnn_CIFAR10-rgb_100-100-100_0.0001_0001, 53.369998931884766, , 2, 2, 70,, 0, 0, 6,, 0, 0, 0,, 10.627704381942749,, network, relaxation,, 78,,,2,76
dnn_CIFAR10-rgb_100-100-100_0.0001_0002, 53.02000045776367, , 0, 0, 70,, 0, 0, 5,, 0, 0, 0,, 36.79620122909546,, network, relaxation,, 76,,,0,76
dnn_CIFAR10-rgb_100-100-100_0.0001_0003, 53.78999710083008, , 0, 0, 68,, 0, 0, 1,, 0, 0, 0,, 11.172833442687988,, network, relaxation,, 69,,,0,69
dnn_CIFAR10-rgb_100-100-100_0.0001_0004, 53.459999084472656, , 3, 3, 65,, 0, 0, 5,, 0, 0, 0,, 22.288129568099976,, network, relaxation,, 75,,,3,72
dnn_CIFAR10-rgb_100-100-100_0.0001_0005,1,87
dnn_CIFAR10-rgb_100-100-100_0.000125_0001,1,78
dnn_CIFAR10-rgb_100-100-100_0.000125_0002, 52.959999084472656, , 6, 6, 64,, 1, 1, 4,, 0, 0, 0,, 11.265336751937866,, network, relaxation,, 75,,,7,68
dnn_CIFAR10-rgb_100-100-100_0.000125_0003, 53.18000030517578, , 4, 4, 68,, 0, 0, 5,, 0, 0, 1,, 12.256004333496094,, network, relaxation,, 78,,,4,74
dnn_CIFAR10-rgb_100-100-100_0.000125_0004,1,86
dnn_CIFAR10-rgb_100-100-100_0.000125_0005, 51.959999084472656, , 2, 2, 72,, 0, 0, 7,, 0, 0, 2,, 11.522586107254028,, network, relaxation,, 83,,,2,81
dnn_CIFAR10-rgb_100-100-100_0.00015000000000000001_0001, 52.02000045776367, , 2, 2, 70,, 0, 0, 12,, 0, 0, 5,, 12.228273630142212,, network, relaxation,, 90,,,2,88
dnn_CIFAR10-rgb_100-100-100_0.00015000000000000001_0002, 52.0, , 6, 6, 68,, 2, 2, 12,, 0, 0, 7,, 25.19138526916504,, network, relaxation,, 97,,,8,89
dnn_CIFAR10-rgb_100-100-100_0.00015000000000000001_0003, 52.0099983215332, , 2, 2, 77,, 0, 0, 8,, 1, 1, 4,, 12.517986059188843,, network, relaxation,, 92,,,3,89
dnn_CIFAR10-rgb_100-100-100_0.00015000000000000001_0004, 51.89999771118164, , 4, 4, 64,, 2, 2, 10,, 2, 2, 7,, 10.944581747055054,, network, relaxation,, 89,,,8,81
dnn_CIFAR10-rgb_100-100-100_0.00015000000000000001_0005, 51.96999740600586, , 5, 5, 69,, 1, 1, 14,, 0, 0, 5,, 17.11053967475891,, network, relaxation,, 95,,,6,89
dnn_CIFAR10-rgb_100-100-100_0.000175_0001, 50.90999984741211, , 3, 3, 74,, 5, 5, 15,, 2, 2, 9,, 12.205391883850098,, network, relaxation,, 109,,,10,99
dnn_CIFAR10-rgb_100-100-100_0.000175_0002, 49.89999771118164, , 0, 0, 82,, 4, 4, 9,, 4, 4, 9,, 10.86630892753601,, network, relaxation,, 108,,,8,100
dnn_CIFAR10-rgb_100-100-100_0.000175_0003, 51.209999084472656, , 1, 1, 77,, 3, 3, 8,, 3, 3, 6,, 12.208690166473389,, network, relaxation,, 99,,,8,91
dnn_CIFAR10-rgb_100-100-100_0.000175_0004, 50.79999923706055, , 1, 1, 76,, 3, 3, 16,, 4, 4, 9,, 13.215840339660645,, network, relaxation,, 111,,,8,103
dnn_CIFAR10-rgb_100-100-100_0.000175_0005, 51.36000061035156, , 5, 5, 69,, 2, 2, 13,, 1, 1, 9,, 13.369116306304932,, network, relaxation,, 100,,,8,92
dnn_CIFAR10-rgb_100-100-100_0.0002_0001, 50.73999786376953, , 2, 2, 76,, 3, 3, 15,, 6, 6, 14,, 10.727114915847778,, network, relaxation,, 116,,,11,105
dnn_CIFAR10-rgb_100-100-100_0.0002_0002, 50.31999969482422, , 3, 3, 76,, 5, 5, 17,, 9, 9, 14,, 11.126843690872192,, network, relaxation,, 124,,,17,107
dnn_CIFAR10-rgb_100-100-100_0.0002_0003, 49.7599983215332, , 5, 5, 73,, 7, 7, 25,, 8, 8, 17,, 27.276710987091064,, network, relaxation,, 135,,,20,115
dnn_CIFAR10-rgb_100-100-100_0.0002_0004, 50.48999786376953, , 5, 5, 73,, 6, 6, 20,, 8, 8, 13,, 10.872051477432251,, network, relaxation,, 125,,,19,106
dnn_CIFAR10-rgb_100-100-100_0.0002_0005, 50.04999923706055, , 3, 3, 69,, 8, 8, 13,, 11, 11, 17,, 12.946831941604614,, network, relaxation,, 123,,,23,100
dnn_CIFAR10-rgb_100-100-100-100_0.0_0001, 53.78999710083008, , 0, 0, 0,, 0, 0, 0,, 0, 0, 0,, 0, 0, 0,, 15.534990072250366,, network, relaxation,, 14,,,0,14
dnn_CIFAR10-rgb_100-100-100-100_0.0_0002, 53.7599983215332, , 0, 0, 0,, 0, 0, 0,, 0, 0, 0,, 0, 0, 0,, 16.60452389717102,, network, relaxation,, 14,,,0,14
dnn_CIFAR10-rgb_100-100-100-100_0.0_0003, 53.89999771118164, , 0, 0, 0,, 0, 0, 0,, 0, 0, 0,, 0, 0, 0,, 16.48577332496643,, network, relaxation,, 14,,,0,14
dnn_CIFAR10-rgb_100-100-100-100_0.0_0004, 54.0, , 0, 0, 0,, 0, 0, 0,, 0, 0, 0,, 0, 0, 0,, 46.812071561813354,, network, relaxation,, 14,,,0,14
dnn_CIFAR10-rgb_100-100-100-100_0.0_0005, 52.62999725341797, , 0, 0, 0,, 0, 0, 0,, 0, 0, 0,, 0, 0, 0,, 15.883647441864014,, network, relaxation,, 17,,,0,17
dnn_CIFAR10-rgb_100-100-100-100_2.5e-05_0001, 53.69999694824219, , 0, 0, 0,, 0, 0, 0,, 0, 0, 0,, 0, 0, 0,, 12.791379690170288,, network, relaxation,, 4,,,0,4
dnn_CIFAR10-rgb_100-100-100-100_2.5e-05_0002, 54.71999740600586, , 0, 0, 0,, 0, 0, 0,, 0, 0, 0,, 0, 0, 0,, 13.21991491317749,, network, relaxation,, 3,,,0,3
dnn_CIFAR10-rgb_100-100-100-100_2.5e-05_0003,0,1
dnn_CIFAR10-rgb_100-100-100-100_2.5e-05_0004, 54.07999801635742, , 0, 0, 0,, 0, 0, 0,, 0, 0, 0,, 0, 0, 0,, 13.538437128067017,, network, relaxation,, 3,,,0,3
dnn_CIFAR10-rgb_100-100-100-100_2.5e-05_0005, 53.15999984741211, , 0, 0, 0,, 0, 0, 0,, 0, 0, 0,, 0, 0, 0,, 54.0191593170166,, network, relaxation,, 11,,,0,11
dnn_CIFAR10-rgb_100-100-100-100_5e-05_0001, 54.25, , 0, 0, 62,, 0, 0, 0,, 0, 0, 0,, 0, 0, 0,, 11.062806844711304,, network, relaxation,, 62,,,0,62
dnn_CIFAR10-rgb_100-100-100-100_5e-05_0002,1,70
dnn_CIFAR10-rgb_100-100-100-100_5e-05_0003, 54.0, , 0, 0, 63,, 0, 0, 0,, 0, 0, 0,, 0, 0, 0,, 16.53494119644165,, network, relaxation,, 64,,,0,64
dnn_CIFAR10-rgb_100-100-100-100_5e-05_0004, 54.0, , 1, 1, 68,, 0, 0, 0,, 0, 0, 0,, 0, 0, 0,, 12.727986574172974,, network, relaxation,, 73,,,2,71
dnn_CIFAR10-rgb_100-100-100-100_5e-05_0005,1,62
dnn_CIFAR10-rgb_100-100-100-100_7.500000000000001e-05_0001, 53.2599983215332, , 0, 0, 72,, 0, 0, 2,, 0, 0, 0,, 0, 0, 0,, 14.77958083152771,, network, relaxation,, 77,,,0,77
dnn_CIFAR10-rgb_100-100-100-100_7.500000000000001e-05_0002, 53.54999923706055, , 0, 0, 73,, 0, 0, 0,, 0, 0, 0,, 0, 0, 0,, 11.339085578918457,, network, relaxation,, 73,,,0,73
dnn_CIFAR10-rgb_100-100-100-100_7.500000000000001e-05_0003, 53.79999923706055, , 2, 2, 62,, 0, 0, 2,, 0, 0, 0,, 0, 0, 0,, 11.599488735198975,, network, relaxation,, 66,,,2,64
dnn_CIFAR10-rgb_100-100-100-100_7.500000000000001e-05_0004, 53.689998626708984, , 0, 0, 70,, 0, 0, 0,, 0, 0, 0,, 0, 0, 0,, 13.497715473175049,, network, relaxation,, 71,,,0,71
dnn_CIFAR10-rgb_100-100-100-100_7.500000000000001e-05_0005,1,67
dnn_CIFAR10-rgb_100-100-100-100_0.0001_0001, 52.779998779296875, , 0, 0, 73,, 0, 0, 6,, 0, 0, 0,, 0, 0, 0,, 13.641016006469727,, network, relaxation,, 80,,,0,80
dnn_CIFAR10-rgb_100-100-100-100_0.0001_0002, 52.43000030517578, , 2, 2, 72,, 0, 0, 4,, 0, 0, 0,, 0, 0, 0,, 11.76788067817688,, network, relaxation,, 78,,,2,76
dnn_CIFAR10-rgb_100-100-100-100_0.0001_0003,1,80
dnn_CIFAR10-rgb_100-100-100-100_0.0001_0004,1,81
dnn_CIFAR10-rgb_100-100-100-100_0.0001_0005, 53.189998626708984, , 3, 3, 69,, 0, 0, 2,, 0, 0, 0,, 0, 0, 0,, 15.874506711959839,, network, relaxation,, 75,,,3,72
dnn_CIFAR10-rgb_100-100-100-100_0.000125_0001,1,86
dnn_CIFAR10-rgb_100-100-100-100_0.000125_0002, 52.16999816894531, , 4, 4, 70,, 0, 0, 8,, 0, 0, 1,, 0, 0, 0,, 14.123211860656738,, network, relaxation,, 84,,,4,80
dnn_CIFAR10-rgb_100-100-100-100_0.000125_0003, 51.849998474121094, , 3, 3, 69,, 0, 0, 15,, 0, 0, 2,, 0, 0, 1,, 15.346279382705688,, network, relaxation,, 91,,,3,88
dnn_CIFAR10-rgb_100-100-100-100_0.000125_0004, 51.84000015258789, , 0, 0, 78,, 0, 0, 13,, 0, 0, 1,, 0, 0, 0,, 10.832901954650879,, network, relaxation,, 92,,,0,92
dnn_CIFAR10-rgb_100-100-100-100_0.000125_0005, 52.849998474121094, , 2, 2, 63,, 0, 0, 9,, 0, 0, 2,, 0, 0, 2,, 11.390166997909546,, network, relaxation,, 78,,,2,76
dnn_CIFAR10-rgb_100-100-100-100_0.00015000000000000001_0001, 51.81999969482422, , 3, 3, 75,, 0, 0, 14,, 0, 0, 4,, 2, 2, 6,, 329.7927508354187,, network, relaxation,, 105,,,5,100
dnn_CIFAR10-rgb_100-100-100-100_0.00015000000000000001_0002, 51.69999694824219, , 3, 3, 74,, 1, 1, 14,, 1, 1, 5,, 0, 0, 5,, 1878.375822544098,, network, relaxation,, 106,,,5,101
dnn_CIFAR10-rgb_100-100-100-100_0.00015000000000000001_0003, 51.5099983215332, , 1, 1, 78,, 1, 1, 11,, 0, 0, 8,, 0, 0, 8,, 49.432724475860596,, network, relaxation,, 108,,,2,106
dnn_CIFAR10-rgb_100-100-100-100_0.00015000000000000001_0004, 51.32999801635742, , 1, 1, 75,, 1, 1, 12,, 1, 1, 2,, 0, 0, 6,, 553.3861284255981,, network, relaxation,, 102,,,4,98
dnn_CIFAR10-rgb_100-100-100-100_0.00015000000000000001_0005, 51.869998931884766, , 4, 4, 72,, 2, 2, 12,, 2, 2, 3,, 0, 0, 7,, 10.878219366073608,, network, relaxation,, 102,,,8,94
dnn_CIFAR10-rgb_100-100-100-100_0.000175_0001, 50.34000015258789, , 3, 3, 78,, 5, 5, 16,, 2, 2, 7,, 4, 4, 16,, 1604.109004020691,, network, relaxation,, 134,,,16,118
dnn_CIFAR10-rgb_100-100-100-100_0.000175_0002, 51.72999954223633, , -, -, -,, -, -, -,, -, -, -,, -, -, -,, 10897.939850330353,, network, relaxation,, 133,,,21,112
dnn_CIFAR10-rgb_100-100-100-100_0.000175_0003, 50.66999816894531, , 3, 3, 77,, 2, 2, 15,, 9, 9, 7,, 7, 7, 12,, 82.3461549282074,, network, relaxation,, 136,,,22,114
dnn_CIFAR10-rgb_100-100-100-100_0.000175_0004, 50.82999801635742, , 1, 1, 78,, 3, 3, 11,, 0, 0, 11,, 8, 8, 11,, 11.224864959716797,, network, relaxation,, 123,,,12,111
dnn_CIFAR10-rgb_100-100-100-100_0.000175_0005, 51.05999755859375, , 1, 1, 76,, 8, 8, 18,, 2, 2, 11,, 4, 4, 12,, 905.5629885196686,, network, relaxation,, 134,,,16,118
dnn_CIFAR10-rgb_100-100-100-100_0.0002_0001, 49.57999801635742, , 1, 1, 80,, 2, 2, 23,, 11, 11, 17,, 13, 13, 20,, 592.4934747219086,, network, relaxation,, 170,,,28,142
dnn_CIFAR10-rgb_100-100-100-100_0.0002_0002, 50.43000030517578, , 1, 1, 75,, 12, 12, 22,, 5, 5, 22,, 10, 10, 17,, 123.80654263496399,, network, relaxation,, 166,,,29,137
dnn_CIFAR10-rgb_100-100-100-100_0.0002_0003, 50.47999954223633, , 5, 5, 73,, 11, 11, 27,, 6, 6, 13,, 15, 15, 21,, 133.47791624069214,, network, relaxation,, 175,,,38,137
dnn_CIFAR10-rgb_100-100-100-100_0.0002_0004, 50.31999969482422, , 2, 2, 77,, 6, 6, 18,, 12, 12, 16,, 14, 14, 22,, 1048.8106966018677,, network, relaxation,, 170,,,37,133
dnn_CIFAR10-rgb_100-100-100-100_0.0002_0005, 50.55999755859375, , 3, 3, 77,, 5, 5, 17,, 9, 9, 19,, 16, 16, 17,, 12.521887063980103,, network, relaxation,, 164,,,34,130
dnn_CIFAR10-rgb_100-100-100-100-100_0.0_0001, 53.18000030517578, , 0, 0, 0,, 0, 0, 0,, 0, 0, 0,, 0, 0, 0,, 0, 0, 0,, 14.509564638137817,, network, relaxation,, 25,,,0,25
dnn_CIFAR10-rgb_100-100-100-100-100_0.0_0002, 53.16999816894531, , 0, 0, 0,, 0, 0, 0,, 0, 0, 0,, 0, 0, 0,, 0, 0, 0,, 14.47537636756897,, network, relaxation,, 10,,,0,10
dnn_CIFAR10-rgb_100-100-100-100-100_0.0_0003, 52.529998779296875, , 0, 0, 0,, 0, 0, 0,, 0, 0, 0,, 0, 0, 0,, 0, 0, 0,, 15.016788482666016,, network, relaxation,, 9,,,0,9
dnn_CIFAR10-rgb_100-100-100-100-100_0.0_0004, 52.46999740600586, , 0, 0, 0,, 0, 0, 0,, 0, 0, 0,, 0, 0, 0,, 0, 0, 0,, 14.276163816452026,, network, relaxation,, 22,,,0,22
dnn_CIFAR10-rgb_100-100-100-100-100_0.0_0005, 53.57999801635742, , 0, 0, 0,, 0, 0, 0,, 0, 0, 0,, 0, 0, 0,, 0, 0, 0,, 13.953334331512451,, network, relaxation,, 7,,,0,19
dnn_CIFAR10-rgb_100-100-100-100-100_2.5e-05_0001, 53.189998626708984, , 0, 0, 0,, 0, 0, 0,, 0, 0, 0,, 0, 0, 0,, 0, 0, 0,, 16.868146181106567,, network, relaxation,, 3,,,0,3
dnn_CIFAR10-rgb_100-100-100-100-100_2.5e-05_0002, 54.39999771118164, , 0, 0, 0,, 0, 0, 0,, 0, 0, 0,, 0, 0, 0,, 0, 0, 0,, 14.698649644851685,, network, relaxation,, 2,,,0,2
dnn_CIFAR10-rgb_100-100-100-100-100_2.5e-05_0003, 53.13999938964844, , 0, 0, 0,, 0, 0, 0,, 0, 0, 0,, 0, 0, 0,, 0, 0, 0,, 16.09515643119812,, network, relaxation,, 9,,,0,9
dnn_CIFAR10-rgb_100-100-100-100-100_2.5e-05_0004, 53.73999786376953, , 0, 0, 0,, 0, 0, 0,, 0, 0, 0,, 0, 0, 0,, 0, 0, 0,, 26.826173305511475,, network, relaxation,, 4,,,0,4
dnn_CIFAR10-rgb_100-100-100-100-100_2.5e-05_0005,0,2
dnn_CIFAR10-rgb_100-100-100-100-100_5e-05_0001,1,66
dnn_CIFAR10-rgb_100-100-100-100-100_5e-05_0002,1,65
dnn_CIFAR10-rgb_100-100-100-100-100_5e-05_0003, 54.02000045776367, , 0, 0, 68,, 0, 0, 0,, 0, 0, 0,, 0, 0, 0,, 0, 0, 0,, 11.072106122970581,, network, relaxation,, 68,,,0,68
dnn_CIFAR10-rgb_100-100-100-100-100_5e-05_0004, 53.849998474121094, , 0, 0, 67,, 0, 0, 0,, 0, 0, 0,, 0, 0, 0,, 0, 0, 0,, 13.175699949264526,, network, relaxation,, 70,,,0,70
dnn_CIFAR10-rgb_100-100-100-100-100_5e-05_0005, 53.98999786376953, , 0, 0, 61,, 0, 0, 0,, 0, 0, 0,, 0, 0, 0,, 0, 0, 0,, 18.343947172164917,, network, relaxation,, 64,,,0,69
dnn_CIFAR10-rgb_100-100-100-100-100_7.500000000000001e-05_0001, 53.79999923706055, , 0, 0, 70,, 0, 0, 0,, 0, 0, 0,, 0, 0, 0,, 0, 0, 0,, 13.049779891967773,, network, relaxation,, 71,,,0,71
dnn_CIFAR10-rgb_100-100-100-100-100_7.500000000000001e-05_0002, 53.46999740600586, , 0, 0, 74,, 0, 0, 0,, 0, 0, 0,, 0, 0, 0,, 0, 0, 0,, 14.932118654251099,, network, relaxation,, 76,,,0,76
dnn_CIFAR10-rgb_100-100-100-100-100_7.500000000000001e-05_0003, 53.40999984741211, , 0, 0, 67,, 0, 0, 1,, 0, 0, 0,, 0, 0, 0,, 0, 0, 0,, 11.279459238052368,, network, relaxation,, 68,,,0,68
dnn_CIFAR10-rgb_100-100-100-100-100_7.500000000000001e-05_0004, 53.959999084472656, , 3, 3, 67,, 0, 0, 1,, 0, 0, 0,, 0, 0, 0,, 0, 0, 0,, 441.54161405563354,, network, relaxation,, 75,,,3,72
dnn_CIFAR10-rgb_100-100-100-100-100_7.500000000000001e-05_0005, 52.88999938964844, , 2, 2, 68,, 0, 0, 1,, 0, 0, 0,, 0, 0, 0,, 0, 0, 0,, 16.92454957962036,, network, relaxation,, 72,,,0,73
dnn_CIFAR10-rgb_100-100-100-100-100_0.0001_0001,1,86
dnn_CIFAR10-rgb_100-100-100-100-100_0.0001_0002, 52.89999771118164, , -, -, -,, -, -, -,, -, -, -,, -, -, -,, -, -, -,, 18099.62554383278,, network, relaxation,, 84,,,2,82
dnn_CIFAR10-rgb_100-100-100-100-100_0.0001_0003,1,75
dnn_CIFAR10-rgb_100-100-100-100-100_0.0001_0004,1,75
dnn_CIFAR10-rgb_100-100-100-100-100_0.0001_0005, 53.59000015258789, , 0, 0, 72,, 0, 0, 9,, 0, 0, 0,, 0, 0, 0,, 0, 0, 0,, 11.346362829208374,, network, relaxation,, 81,,,0,82
dnn_CIFAR10-rgb_100-100-100-100-100_0.000125_0001, 52.11000061035156, , -, -, -,, -, -, -,, -, -, -,, -, -, -,, -, -, -,, 10802.511674642563,, network, relaxation,, 99,,,3,96
dnn_CIFAR10-rgb_100-100-100-100-100_0.000125_0002, 51.849998474121094, , -, -, -,, -, -, -,, -, -, -,, -, -, -,, -, -, -,, 10964.782248973846,, network, relaxation,, 91,,,5,86
dnn_CIFAR10-rgb_100-100-100-100-100_0.000125_0003, 52.07999801635742, , 0, 0, 78,, 0, 0, 11,, 0, 0, 0,, 0, 0, 1,, 0, 0, 1,, 7418.577186584473,, network, relaxation,, 92,,,0,92
dnn_CIFAR10-rgb_100-100-100-100-100_0.000125_0004, 51.459999084472656, , 4, 4, 71,, 0, 0, 16,, 0, 0, 1,, 0, 0, 6,, 0, 0, 1,, 1336.9654541015625,, network, relaxation,, 103,,,5,98
dnn_CIFAR10-rgb_100-100-100-100-100_0.000125_0005, 52.13999938964844, , 0, 0, 20,, 0, 0, 0,, 0, 0, 0,, 0, 0, 0,, 0, 0, 0,, 12.844687461853027,, network, relaxation,, 29,,,3,98
dnn_CIFAR10-rgb_100-100-100-100-100_0.00015000000000000001_0001, 50.869998931884766, , -, -, -,, -, -, -,, -, -, -,, -, -, -,, -, -, -,, 10847.321640014648,, network, relaxation,, 118,,,6,112
dnn_CIFAR10-rgb_100-100-100-100-100_0.00015000000000000001_0002, 51.77000045776367, , -, -, -,, -, -, -,, -, -, -,, -, -, -,, -, -, -,, 10842.40050458908,, network, relaxation,, 135,,,16,119
dnn_CIFAR10-rgb_100-100-100-100-100_0.00015000000000000001_0003, 51.369998931884766, , 0, 0, 80,, 3, 3, 6,, 0, 0, 1,, 2, 2, 8,, 0, 0, 7,, 1038.568954706192,, network, relaxation,, 111,,,6,105
dnn_CIFAR10-rgb_100-100-100-100-100_0.00015000000000000001_0004, 51.29999923706055, , -, -, -,, -, -, -,, -, -, -,, -, -, -,, -, -, -,, 10918.243835687637,, network, relaxation,, 108,,,9,99
dnn_CIFAR10-rgb_100-100-100-100-100_0.00015000000000000001_0005, 51.209999084472656, , -, -, -,, -, -, -,, -, -, -,, -, -, -,, -, -, -,, 10855.828415632248,, network, relaxation,, 118,,,16,116
dnn_CIFAR10-rgb_100-100-100-100-100_0.000175_0001, 50.61000061035156, , -, -, -,, -, -, -,, -, -, -,, -, -, -,, -, -, -,, 10814.809142112732,, network, relaxation,, 155,,,38,117
dnn_CIFAR10-rgb_100-100-100-100-100_0.000175_0002, 51.0, , 2, 2, 79,, 5, 5, 10,, 6, 6, 16,, 6, 6, 10,, 9, 9, 25,, 592.8990578651428,, network, relaxation,, 171,,,30,141
dnn_CIFAR10-rgb_100-100-100-100-100_0.000175_0003, 50.30999755859375, , -, -, -,, -, -, -,, -, -, -,, -, -, -,, -, -, -,, 10800.426373004913,, network, relaxation,, 172,,,35,137
dnn_CIFAR10-rgb_100-100-100-100-100_0.000175_0004, 50.32999801635742, , -, -, -,, -, -, -,, -, -, -,, -, -, -,, -, -, -,, 10811.442857503891,, network, relaxation,, 174,,,32,142
dnn_CIFAR10-rgb_100-100-100-100-100_0.000175_0005, 51.5, , 4, 4, 74,, 6, 6, 20,, 2, 2, 7,, 5, 5, 14,, 13, 13, 19,, 2953.5115122795105,, network, relaxation,, 167,,,25,121
dnn_CIFAR10-rgb_100-100-100-100-100_0.0002_0001, 50.23999786376953, , 4, 4, 75,, 6, 6, 23,, 10, 10, 16,, 13, 13, 16,, 13, 13, 25,, 923.6658759117126,, network, relaxation,, 203,,,48,155
dnn_CIFAR10-rgb_100-100-100-100-100_0.0002_0002, 50.32999801635742, , 3, 3, 77,, 11, 11, 16,, 10, 10, 19,, 15, 15, 15,, 16, 16, 20,, 3198.0640988349915,, network, relaxation,, 207,,,56,151
dnn_CIFAR10-rgb_100-100-100-100-100_0.0002_0003, 49.75, , -, -, -,, -, -, -,, -, -, -,, -, -, -,, -, -, -,, 10858.694044828415,, network, relaxation,, 204,,,53,151
dnn_CIFAR10-rgb_100-100-100-100-100_0.0002_0004, 50.09000015258789, , 3, 3, 78,, 5, 5, 22,, 11, 11, 21,, 11, 11, 21,, 18, 18, 23,, 718.9374663829803,, network, relaxation,, 219,,,52,167
dnn_CIFAR10-rgb_100-100-100-100-100_0.0002_0005, 50.18000030517578, , 1, 1, 81,, 12, 12, 25,, 13, 13, 11,, 14, 14, 12,, 25, 25, 19,, 5926.062172174454,, network, relaxation,, 219,,,48,155
dnn_CIFAR10-rgb_1600-1600_0.0_0001, 61.75, , 0, 0, 0,, 0, 0, 0,, 359.41841101646423,, network, relaxation,, 7,,,0,2
dnn_CIFAR10-rgb_1600-1600_0.0_0002, 61.3599967956543, , 0, 0, 0,, 0, 0, 0,, 372.3186812400818,, network, relaxation,, 3,,,0,3
dnn_CIFAR10-rgb_1600-1600_0.0_0003,0,1
dnn_CIFAR10-rgb_1600-1600_0.0_0004, 61.209999084472656, , 0, 0, 0,, 0, 0, 0,, 367.74110531806946,, network, relaxation,, 2,,,0,3
dnn_CIFAR10-rgb_1600-1600_0.0_0005, 61.22999954223633, , 0, 0, 0,, 0, 0, 0,, 336.07471895217896,, network, relaxation,, 3,,,0,2
dnn_CIFAR10-rgb_1600-1600_2.5e-05_0001, 60.75, , 0, 0, 0,, 0, 0, 0,, 507.35675859451294,, network, relaxation,, 3,,,0,4
dnn_CIFAR10-rgb_1600-1600_2.5e-05_0002,0,1
dnn_CIFAR10-rgb_1600-1600_2.5e-05_0003, 60.5099983215332, , 0, 0, 0,, 0, 0, 0,, 598.3745973110199,, network, relaxation,, 4,,,0,3
dnn_CIFAR10-rgb_1600-1600_2.5e-05_0004,0,2
dnn_CIFAR10-rgb_1600-1600_2.5e-05_0005, 60.7599983215332, , 0, 0, 0,, 0, 0, 0,, 481.293683052063,, network, relaxation,, 2,,,0,1
dnn_CIFAR10-rgb_1600-1600_5e-05_0001, 58.75, , 602, 602, 640,, 197, 197, 318,, 10312.388670921326,, network, relaxation,, 1781,,,806,958
dnn_CIFAR10-rgb_1600-1600_5e-05_0002, 57.869998931884766, , -, -, -,, -, -, -,, 10800.963485240936,, network, relaxation,, 1756,,,846,903
dnn_CIFAR10-rgb_1600-1600_5e-05_0003, 58.46999740600586, , 592, 592, 634,, 215, 215, 302,, 10594.626142263412,, network, relaxation,, 1769,,,775,955
dnn_CIFAR10-rgb_1600-1600_5e-05_0004, 58.02000045776367, , 577, 577, 653,, 204, 204, 311,, 3216.372942686081,, network, relaxation,, 1765,,,794,971
dnn_CIFAR10-rgb_1600-1600_5e-05_0005, 57.90999984741211, , -, -, -,, -, -, -,, 10800.957834482193,, network, relaxation,, 1705,,,770,935
dnn_CIFAR10-rgb_1600-1600_7.500000000000001e-05_0001, 55.80999755859375, , 752, 752, 752,, 460, 460, 608,, 443.9817068576813,, network, relaxation,, 2584,,,1219,1365
dnn_CIFAR10-rgb_1600-1600_7.500000000000001e-05_0002, 56.12999725341797, , 765, 765, 742,, 471, 471, 615,, 319.9785397052765,, network, relaxation,, 2599,,,1261,1322
dnn_CIFAR10-rgb_1600-1600_7.500000000000001e-05_0003, 56.06999969482422, , 780, 780, 722,, 499, 499, 610,, 240.19610905647278,, network, relaxation,, 2615,,,1283,1285
dnn_CIFAR10-rgb_1600-1600_7.500000000000001e-05_0004, 56.28999710083008, , 782, 782, 734,, 457, 457, 633,, 242.11408162117004,, network, relaxation,, 2614,,,1283,1331
dnn_CIFAR10-rgb_1600-1600_7.500000000000001e-05_0005, 55.71999740600586, , 760, 760, 750,, 481, 481, 601,, 342.49616599082947,, network, relaxation,, 2599,,,1206,1366
dnn_CIFAR10-rgb_1600-1600_0.0001_0001, 53.5, , 0, 0, 0,, 0, 0, 0,, 219.3755784034729,, network, relaxation,, 0,,,1412,1392
dnn_CIFAR10-rgb_1600-1600_0.0001_0002, 53.66999816894531, , 779, 779, 769,, 619, 619, 633,, 226.58147287368774,, network, relaxation,, 2805,,,1372,1440
dnn_CIFAR10-rgb_1600-1600_0.0001_0003, 53.72999954223633, , 795, 795, 748,, 596, 596, 673,, 275.9027965068817,, network, relaxation,, 2817,,,1420,1393
dnn_CIFAR10-rgb_1600-1600_0.0001_0004, 54.0, , 815, 815, 730,, 614, 614, 659,, 912.40767121315,, network, relaxation,, 2824,,,1426,1387
dnn_CIFAR10-rgb_1600-1600_0.0001_0005, 53.959999084472656, , 832, 832, 714,, 581, 581, 681,, 217.62254405021667,, network, relaxation,, 2811,,,1360,1456
dnn_CIFAR10-rgb_1600-1600_0.000125_0001, 52.62999725341797, , 828, 828, 727,, 684, 684, 682,, 287.10929560661316,, network, relaxation,, 2927,,,1516,1427
dnn_CIFAR10-rgb_1600-1600_0.000125_0002, 52.37999725341797, , 0, 0, 1,, 0, 0, 0,, 218.32102298736572,, network, relaxation,, 3,,,1482,1444
dnn_CIFAR10-rgb_1600-1600_0.000125_0003, 52.39999771118164, , 790, 790, 761,, 673, 673, 709,, 317.57033705711365,, network, relaxation,, 2940,,,1507,1459
dnn_CIFAR10-rgb_1600-1600_0.000125_0004, 52.57999801635742, , 848, 848, 707,, 665, 665, 704,, 221.91819787025452,, network, relaxation,, 2925,,,1452,1473
dnn_CIFAR10-rgb_1600-1600_0.000125_0005, 52.30999755859375, , 830, 830, 732,, 667, 667, 667,, 289.34498381614685,, network, relaxation,, 2901,,,1457,1471
dnn_CIFAR10-rgb_1600-1600_0.00015000000000000001_0001, 50.97999954223633, , 797, 797, 769,, 741, 741, 684,, 248.6850619316101,, network, relaxation,, 2997,,,1549,1445
dnn_CIFAR10-rgb_1600-1600_0.00015000000000000001_0002, 51.22999954223633, , 834, 834, 727,, 703, 703, 727,, 353.37589621543884,, network, relaxation,, 3002,,,1524,1478
dnn_CIFAR10-rgb_1600-1600_0.00015000000000000001_0003, 51.709999084472656, , 0, 0, 0,, 0, 0, 0,, 210.79370379447937,, network, relaxation,, 2,,,1546,1445
dnn_CIFAR10-rgb_1600-1600_0.00015000000000000001_0004, 50.96999740600586, , 799, 799, 768,, 734, 734, 709,, 214.85344910621643,, network, relaxation,, 3012,,,1550,1455
dnn_CIFAR10-rgb_1600-1600_0.00015000000000000001_0005, 51.0099983215332, , 818, 818, 748,, 680, 680, 745,, 221.70286965370178,, network, relaxation,, 2993,,,1533,1464
dnn_CIFAR10-rgb_1600-1600_0.000175_0001, 49.93000030517578, , 797, 797, 772,, 767, 767, 694,, 254.64511466026306,, network, relaxation,, 3036,,,1604,1444
dnn_CIFAR10-rgb_1600-1600_0.000175_0002, 50.04999923706055, , 809, 809, 757,, 758, 758, 710,, 330.1413035392761,, network, relaxation,, 3042,,,1579,1457
dnn_CIFAR10-rgb_1600-1600_0.000175_0003, 50.57999801635742, , 866, 866, 699,, 703, 703, 773,, 290.9036543369293,, network, relaxation,, 3048,,,1569,1473
dnn_CIFAR10-rgb_1600-1600_0.000175_0004, 50.22999954223633, , 808, 808, 759,, 740, 740, 711,, 337.0094470977783,, network, relaxation,, 3025,,,1552,1473
dnn_CIFAR10-rgb_1600-1600_0.000175_0005, 50.88999938964844, , 864, 864, 706,, 771, 771, 696,, 248.42090725898743,, network, relaxation,, 3043,,,1638,1405
dnn_CIFAR10-rgb_1600-1600_0.0002_0001, 49.02000045776367, , 832, 832, 741,, 792, 792, 707,, 228.5434947013855,, network, relaxation,, 3077,,,1627,1450
dnn_CIFAR10-rgb_1600-1600_0.0002_0002, 49.97999954223633, , 849, 849, 716,, 788, 788, 701,, 233.7132649421692,, network, relaxation,, 3062,,,1640,1422
dnn_CIFAR10-rgb_1600-1600_0.0002_0003, 49.20000076293945, , 866, 866, 708,, 778, 778, 717,, 220.1328935623169,, network, relaxation,, 3074,,,1648,1426
dnn_CIFAR10-rgb_1600-1600_0.0002_0004, 49.529998779296875, , 853, 853, 714,, 794, 794, 706,, 303.9439709186554,, network, relaxation,, 3076,,,1654,1422
dnn_CIFAR10-rgb_1600-1600_0.0002_0005, 49.369998931884766, , 868, 868, 705,, 761, 761, 732,, 216.4970784187317,, network, relaxation,, 3073,,,1636,1437
