
dnn_CIFAR100-rgb_100-100_0.0_0001, 24.969999313354492, , 0, 0, 0,, 0, 0, 0,, 13.407464504241943,, network, relaxation,, 17,,,0,17
dnn_CIFAR100-rgb_100-100_0.0_0002, 24.90999984741211, , 0, 0, 0,, 0, 0, 0,, 11.693103551864624,, network, relaxation,, 10,,,0,10
dnn_CIFAR100-rgb_100-100_0.0_0003, 25.309999465942383, , 0, 0, 0,, 0, 0, 0,, 13.679009437561035,, network, relaxation,, 13,,,0,13
dnn_CIFAR100-rgb_100-100_0.0_0004, 25.44999885559082, , 0, 0, 0,, 0, 0, 0,, 11.35056185722351,, network, relaxation,, 9,,,0,9
dnn_CIFAR100-rgb_100-100_0.0_0005, 25.19999885559082, , 0, 0, 0,, 0, 0, 0,, 13.499407529830933,, network, relaxation,, 8,,,0,8
dnn_CIFAR100-rgb_100-100_2.5e-05_0001, 24.439998626708984, , 0, 0, 0,, 0, 0, 0,, 11.47003173828125,, network, relaxation,, 0,,,0,0
dnn_CIFAR100-rgb_100-100_2.5e-05_0002, 25.18000030517578, , 0, 0, 0,, 0, 0, 0,, 14.92784571647644,, network, relaxation,, 4,,,0,4
dnn_CIFAR100-rgb_100-100_2.5e-05_0003, 24.600000381469727, , 0, 0, 0,, 0, 0, 0,, 11.101425886154175,, network, relaxation,, 2,,,0,2
dnn_CIFAR100-rgb_100-100_2.5e-05_0004, 25.40999984741211, , 0, 0, 0,, 0, 0, 0,, 12.120177507400513,, network, relaxation,, 1,,,0,1
dnn_CIFAR100-rgb_100-100_2.5e-05_0005, 25.18000030517578, , 0, 0, 0,, 0, 0, 0,, 15.895879030227661,, network, relaxation,, 4,,,0,4
dnn_CIFAR100-rgb_100-100_5e-05_0001, 23.959999084472656, , 1, 1, 73,, 0, 0, 0,, 10.862871408462524,, network, relaxation,, 75,,,2,73
dnn_CIFAR100-rgb_100-100_5e-05_0002, 23.51999855041504, , 0, 0, 69,, 0, 0, 1,, 14.049342155456543,, network, relaxation,, 71,,,1,70
dnn_CIFAR100-rgb_100-100_5e-05_0003, 23.729999542236328, , 1, 1, 69,, 0, 0, 0,, 11.609621047973633,, network, relaxation,, 72,,,3,69
dnn_CIFAR100-rgb_100-100_5e-05_0004, 23.260000228881836, , 0, 0, 81,, 0, 0, 2,, 11.693375587463379,, network, relaxation,, 84,,,0,84
dnn_CIFAR100-rgb_100-100_5e-05_0005, 25.0, , 4, 4, 64,, 0, 0, 0,, 11.393999338150024,, network, relaxation,, 68,,,4,64
dnn_CIFAR100-rgb_100-100_7.500000000000001e-05_0001, 23.25, , 1, 1, 83,, 0, 0, 4,, 11.51219892501831,, network, relaxation,, 89,,,1,88
dnn_CIFAR100-rgb_100-100_7.500000000000001e-05_0002, 23.76999855041504, , 1, 1, 77,, 0, 0, 4,, 10.82964277267456,, network, relaxation,, 82,,,1,81
dnn_CIFAR100-rgb_100-100_7.500000000000001e-05_0003, 23.68000030517578, , 0, 0, 78,, 0, 0, 5,, 10.411854982376099,, network, relaxation,, 83,,,0,83
dnn_CIFAR100-rgb_100-100_7.500000000000001e-05_0004, 23.670000076293945, , 1, 1, 81,, 0, 0, 4,, 11.036364555358887,, network, relaxation,, 87,,,1,86
dnn_CIFAR100-rgb_100-100_7.500000000000001e-05_0005, 24.10999870300293, , 1, 1, 80,, 0, 0, 1,, 11.017481565475464,, network, relaxation,, 82,,,1,81
dnn_CIFAR100-rgb_100-100_0.0001_0001, 23.959999084472656, , 2, 2, 79,, 0, 0, 6,, 10.383983850479126,, network, relaxation,, 87,,,2,85
dnn_CIFAR100-rgb_100-100_0.0001_0002, 23.829999923706055, , 4, 4, 76,, 0, 0, 5,, 10.434455871582031,, network, relaxation,, 85,,,4,81
dnn_CIFAR100-rgb_100-100_0.0001_0003, 22.889999389648438, , 3, 3, 82,, 0, 0, 5,, 10.159793376922607,, network, relaxation,, 90,,,3,87
dnn_CIFAR100-rgb_100-100_0.0001_0004, 23.010000228881836, , 2, 2, 79,, 0, 0, 4,, 10.162922620773315,, network, relaxation,, 85,,,2,83
dnn_CIFAR100-rgb_100-100_0.0001_0005, 23.689998626708984, , 1, 1, 77,, 0, 0, 8,, 10.317687511444092,, network, relaxation,, 86,,,1,85
dnn_CIFAR100-rgb_100-100_0.000125_0001, 23.65999984741211, , 1, 1, 81,, 0, 0, 12,, 10.743114948272705,, network, relaxation,, 94,,,1,93
dnn_CIFAR100-rgb_100-100_0.000125_0002, 23.09000015258789, , 0, 0, 83,, 0, 0, 14,, 10.450131177902222,, network, relaxation,, 97,,,0,97
dnn_CIFAR100-rgb_100-100_0.000125_0003, 20.479999542236328, , 6, 6, 84,, 0, 0, 9,, 10.456328630447388,, network, relaxation,, 99,,,6,93
dnn_CIFAR100-rgb_100-100_0.000125_0004, 22.81999969482422, , 1, 1, 84,, 0, 0, 9,, 10.533589124679565,, network, relaxation,, 94,,,1,93
dnn_CIFAR100-rgb_100-100_0.000125_0005, 20.600000381469727, , 1, 1, 88,, 0, 0, 4,, 10.765471458435059,, network, relaxation,, 93,,,1,92
dnn_CIFAR100-rgb_100-100_0.00015000000000000001_0001, 22.760000228881836, , 2, 2, 82,, 0, 0, 6,, 9.926353216171265,, network, relaxation,, 90,,,2,88
dnn_CIFAR100-rgb_100-100_0.00015000000000000001_0002, 22.760000228881836, , 0, 0, 86,, 0, 0, 10,, 10.409674882888794,, network, relaxation,, 96,,,0,96
dnn_CIFAR100-rgb_100-100_0.00015000000000000001_0003, 22.639999389648438, , 0, 0, 87,, 0, 0, 13,, 12.190401077270508,, network, relaxation,, 100,,,0,100
dnn_CIFAR100-rgb_100-100_0.00015000000000000001_0004, 21.579999923706055, , 2, 2, 87,, 0, 0, 10,, 10.609363794326782,, network, relaxation,, 99,,,2,97
dnn_CIFAR100-rgb_100-100_0.00015000000000000001_0005, 19.53999900817871, , 1, 1, 90,, 0, 0, 14,, 10.183995962142944,, network, relaxation,, 105,,,1,104
dnn_CIFAR100-rgb_100-100_0.000175_0001, 21.229999542236328, , 2, 2, 87,, 2, 2, 8,, 10.560532569885254,, network, relaxation,, 99,,,4,95
dnn_CIFAR100-rgb_100-100_0.000175_0002, 22.10999870300293, , 3, 3, 84,, 2, 2, 12,, 11.009330034255981,, network, relaxation,, 101,,,5,96
dnn_CIFAR100-rgb_100-100_0.000175_0003, 20.989999771118164, , 3, 3, 86,, 2, 2, 10,, 10.424710273742676,, network, relaxation,, 101,,,5,96
dnn_CIFAR100-rgb_100-100_0.000175_0004, 22.170000076293945, , 0, 0, 87,, 1, 1, 10,, 10.281735181808472,, network, relaxation,, 98,,,1,97
dnn_CIFAR100-rgb_100-100_0.000175_0005, 21.719999313354492, , 3, 3, 84,, 1, 1, 12,, 11.139925479888916,, network, relaxation,, 100,,,4,96
dnn_CIFAR100-rgb_100-100_0.0002_0001, 21.10999870300293, , 1, 1, 88,, 1, 1, 11,, 10.525604009628296,, network, relaxation,, 101,,,2,99
dnn_CIFAR100-rgb_100-100_0.0002_0002, 20.079999923706055, , 1, 1, 89,, 5, 5, 18,, 10.129479169845581,, network, relaxation,, 113,,,6,107
dnn_CIFAR100-rgb_100-100_0.0002_0003, 19.299999237060547, , 5, 5, 86,, 2, 2, 16,, 10.502955436706543,, network, relaxation,, 109,,,7,102
dnn_CIFAR100-rgb_100-100_0.0002_0004, 22.489999771118164, , 4, 4, 79,, 3, 3, 20,, 10.928696632385254,, network, relaxation,, 106,,,7,99
dnn_CIFAR100-rgb_100-100_0.0002_0005, 20.18000030517578, , 5, 5, 85,, 3, 3, 14,, 10.9822678565979,, network, relaxation,, 107,,,8,99
dnn_CIFAR100-rgb_100-100_0.00022500000000000002_0001, 20.850000381469727, , 4, 4, 85,, 5, 5, 14,, 10.513526201248169,, network, relaxation,, 108,,,9,99
dnn_CIFAR100-rgb_100-100_0.00022500000000000002_0002, 20.8799991607666, , 6, 6, 83,, 3, 3, 13,, 10.868340969085693,, network, relaxation,, 105,,,9,96
dnn_CIFAR100-rgb_100-100_0.00022500000000000002_0003, 21.829999923706055, , 1, 1, 84,, 4, 4, 21,, 10.664749383926392,, network, relaxation,, 110,,,5,105
dnn_CIFAR100-rgb_100-100_0.00022500000000000002_0004, 20.989999771118164, , 3, 3, 86,, 4, 4, 17,, 10.730507612228394,, network, relaxation,, 110,,,7,103
dnn_CIFAR100-rgb_100-100_0.00022500000000000002_0005, 21.529998779296875, , 2, 2, 85,, 3, 3, 19,, 12.15874457359314,, network, relaxation,, 109,,,5,104
dnn_CIFAR100-rgb_100-100_0.00025_0001, 22.059999465942383, , 7, 7, 79,, 4, 4, 11,, 10.518056869506836,, network, relaxation,, 101,,,11,90
dnn_CIFAR100-rgb_100-100_0.00025_0002, 22.079999923706055, , 5, 5, 80,, 2, 2, 18,, 10.373403549194336,, network, relaxation,, 105,,,7,98
dnn_CIFAR100-rgb_100-100_0.00025_0003, 18.10999870300293, , 2, 2, 90,, 3, 3, 16,, 10.241164445877075,, network, relaxation,, 111,,,5,106
dnn_CIFAR100-rgb_100-100_0.00025_0004, 22.459999084472656, , 4, 4, 78,, 5, 5, 28,, 10.309846878051758,, network, relaxation,, 115,,,9,106
dnn_CIFAR100-rgb_100-100_0.00025_0005, 21.139999389648438, , 3, 3, 84,, 5, 5, 20,, 11.435960292816162,, network, relaxation,, 113,,,8,105
dnn_CIFAR100-rgb_100-100_0.000275_0001, 20.020000457763672, , 7, 7, 82,, 4, 4, 20,, 10.316409826278687,, network, relaxation,, 113,,,11,102
dnn_CIFAR100-rgb_100-100_0.000275_0002, 20.619998931884766, , 6, 6, 82,, 1, 1, 28,, 10.244171380996704,, network, relaxation,, 117,,,7,110
dnn_CIFAR100-rgb_100-100_0.000275_0003, 20.1299991607666, , 3, 3, 86,, 7, 7, 23,, 10.586982250213623,, network, relaxation,, 119,,,10,109
dnn_CIFAR100-rgb_100-100_0.000275_0004, 22.079999923706055, , 7, 7, 78,, 6, 6, 21,, 10.46378493309021,, network, relaxation,, 112,,,13,99
dnn_CIFAR100-rgb_100-100_0.000275_0005, 20.5, , 9, 9, 80,, 6, 6, 21,, 10.403327226638794,, network, relaxation,, 116,,,15,101
dnn_CIFAR100-rgb_100-100_0.00030000000000000003_0001, 17.989999771118164, , 6, 6, 86,, 10, 10, 24,, 10.713657855987549,, network, relaxation,, 126,,,16,110
dnn_CIFAR100-rgb_100-100_0.00030000000000000003_0002, 21.079999923706055, , 5, 5, 83,, 4, 4, 25,, 10.400585889816284,, network, relaxation,, 117,,,9,108
dnn_CIFAR100-rgb_100-100_0.00030000000000000003_0003, 19.770000457763672, , 10, 10, 80,, 7, 7, 25,, 10.486763954162598,, network, relaxation,, 122,,,17,105
dnn_CIFAR100-rgb_100-100_0.00030000000000000003_0004, 19.529998779296875, , 10, 10, 80,, 8, 8, 23,, 10.52030062675476,, network, relaxation,, 121,,,18,103
dnn_CIFAR100-rgb_100-100_0.00030000000000000003_0005, 19.100000381469727, , 8, 8, 82,, 7, 7, 19,, 10.897875547409058,, network, relaxation,, 116,,,15,101
dnn_CIFAR100-rgb_100-100_0.00032500000000000004_0001, 18.6299991607666, , 7, 7, 84,, 6, 6, 27,, 10.031169414520264,, network, relaxation,, 124,,,13,111
dnn_CIFAR100-rgb_100-100_0.00032500000000000004_0002, 18.209999084472656, , 4, 4, 87,, 6, 6, 22,, 10.328134775161743,, network, relaxation,, 119,,,10,109
dnn_CIFAR100-rgb_100-100_0.00032500000000000004_0003, 20.60999870300293, , 3, 3, 83,, 13, 13, 29,, 10.10130500793457,, network, relaxation,, 128,,,16,112
dnn_CIFAR100-rgb_100-100_0.00032500000000000004_0004, 18.939998626708984, , 15, 15, 76,, 13, 13, 17,, 11.764341592788696,, network, relaxation,, 121,,,28,93
dnn_CIFAR100-rgb_100-100_0.00032500000000000004_0005, 17.889999389648438, , 13, 13, 79,, 11, 11, 28,, 11.042107582092285,, network, relaxation,, 131,,,24,107
dnn_CIFAR100-rgb_100-100_0.00035_0001, 19.520000457763672, , 12, 12, 77,, 16, 16, 23,, 12.849776268005371,, network, relaxation,, 129,,,29,100
dnn_CIFAR100-rgb_100-100_0.00035_0002, 18.170000076293945, , 7, 7, 84,, 14, 14, 25,, 10.542195796966553,, network, relaxation,, 130,,,21,109
dnn_CIFAR100-rgb_100-100_0.00035_0003, 19.850000381469727, , 5, 5, 83,, 13, 13, 22,, 10.180900573730469,, network, relaxation,, 123,,,18,105
dnn_CIFAR100-rgb_100-100_0.00035_0004, 20.18000030517578, , 7, 7, 80,, 8, 8, 24,, 11.023613691329956,, network, relaxation,, 119,,,15,104
dnn_CIFAR100-rgb_100-100_0.00035_0005, 18.469999313354492, , 6, 6, 85,, 16, 16, 21,, 9.996117353439331,, network, relaxation,, 128,,,22,106
dnn_CIFAR100-rgb_100-100_0.000375_0001, 19.399999618530273, , 6, 6, 82,, 14, 14, 29,, 10.53758955001831,, network, relaxation,, 132,,,21,111
dnn_CIFAR100-rgb_100-100_0.000375_0002, 18.809999465942383, , 13, 13, 77,, 11, 11, 33,, 11.214241027832031,, network, relaxation,, 134,,,24,110
dnn_CIFAR100-rgb_100-100_0.000375_0003, 20.239999771118164, , 9, 9, 78,, 11, 11, 28,, 10.139731407165527,, network, relaxation,, 126,,,20,106
dnn_CIFAR100-rgb_100-100_0.000375_0004, 19.079999923706055, , 9, 9, 81,, 14, 14, 24,, 10.295545816421509,, network, relaxation,, 128,,,23,105
dnn_CIFAR100-rgb_100-100_0.000375_0005, 19.25, , 9, 9, 81,, 12, 12, 23,, 10.316333055496216,, network, relaxation,, 125,,,21,104
dnn_CIFAR100-rgb_100-100_0.0004_0001, 19.010000228881836, , 14, 14, 76,, 20, 20, 25,, 10.52754521369934,, network, relaxation,, 135,,,34,101
dnn_CIFAR100-rgb_100-100_0.0004_0002, 18.670000076293945, , 11, 11, 79,, 19, 19, 32,, 10.786279678344727,, network, relaxation,, 141,,,30,111
dnn_CIFAR100-rgb_100-100_0.0004_0003, 18.329999923706055, , 12, 12, 78,, 11, 11, 24,, 10.062516689300537,, network, relaxation,, 125,,,23,102
dnn_CIFAR100-rgb_100-100_0.0004_0004, 19.35999870300293, , 9, 9, 79,, 17, 17, 28,, 10.543486595153809,, network, relaxation,, 133,,,26,107
dnn_CIFAR100-rgb_100-100_0.0004_0005, 19.53999900817871, , 11, 11, 77,, 14, 14, 35,, 10.549296140670776,, network, relaxation,, 137,,,25,112
dnn_CIFAR100-rgb_200-200_0.0_0001, 28.01999855041504, , 0, 0, 0,, 0, 0, 0,, 20.74117374420166,, network, relaxation,, 6,,,0,6
dnn_CIFAR100-rgb_200-200_0.0_0002, 28.1299991607666, , 0, 0, 0,, 0, 0, 0,, 27.284541130065918,, network, relaxation,, 5,,,0,5
dnn_CIFAR100-rgb_200-200_0.0_0003, 28.779998779296875, , 0, 0, 0,, 0, 0, 0,, 23.74676775932312,, network, relaxation,, 12,,,0,12
dnn_CIFAR100-rgb_200-200_0.0_0004, 28.03999900817871, , 0, 0, 0,, 0, 0, 0,, 26.48001003265381,, network, relaxation,, 10,,,0,10
dnn_CIFAR100-rgb_200-200_0.0_0005, 27.93000030517578, , 0, 0, 0,, 0, 0, 0,, 25.23723554611206,, network, relaxation,, 8,,,0,8
dnn_CIFAR100-rgb_200-200_2.5e-05_0001, 27.969999313354492, , 0, 0, 0,, 0, 0, 0,, 34.76822638511658,, network, relaxation,, 1,,,0,1
dnn_CIFAR100-rgb_200-200_2.5e-05_0002, 27.81999969482422, , 0, 0, 0,, 0, 0, 0,, 28.42492961883545,, network, relaxation,, 1,,,0,1
dnn_CIFAR100-rgb_200-200_2.5e-05_0003, 28.239999771118164, , 0, 0, 0,, 0, 0, 0,, 27.9548921585083,, network, relaxation,, 1,,,0,1
dnn_CIFAR100-rgb_200-200_2.5e-05_0004, 28.479999542236328, , 0, 0, 0,, 0, 0, 0,, 29.38285732269287,, network, relaxation,, 2,,,0,2
dnn_CIFAR100-rgb_200-200_2.5e-05_0005, 28.53999900817871, , 0, 0, 0,, 0, 0, 0,, 22.54896116256714,, network, relaxation,, 1,,,0,1
dnn_CIFAR100-rgb_200-200_5e-05_0001, 27.670000076293945, , 8, 8, 128,, 0, 0, 0,, 38.12085247039795,, network, relaxation,, 139,,,11,128
dnn_CIFAR100-rgb_200-200_5e-05_0002, 28.619998931884766, , 9, 9, 110,, 0, 0, 0,, 26.46713423728943,, network, relaxation,, 123,,,11,112
dnn_CIFAR100-rgb_200-200_5e-05_0003, 27.920000076293945, , 6, 6, 126,, 0, 0, 1,, 21.138338327407837,, network, relaxation,, 133,,,6,127
dnn_CIFAR100-rgb_200-200_5e-05_0004, 28.15999984741211, , 7, 7, 130,, 0, 0, 0,, 21.993427515029907,, network, relaxation,, 138,,,8,130
dnn_CIFAR100-rgb_200-200_5e-05_0005, 28.31999969482422, , 6, 6, 130,, 0, 0, 0,, 28.32420301437378,, network, relaxation,, 140,,,7,133
dnn_CIFAR100-rgb_200-200_7.500000000000001e-05_0001, 27.75, , 16, 16, 139,, 0, 0, 2,, 49.85529446601868,, network, relaxation,, 159,,,16,143
dnn_CIFAR100-rgb_200-200_7.500000000000001e-05_0002, 27.44999885559082, , 11, 11, 147,, 0, 0, 5,, 22.601881504058838,, network, relaxation,, 163,,,11,152
dnn_CIFAR100-rgb_200-200_7.500000000000001e-05_0003, 27.799999237060547, , 13, 13, 141,, 0, 0, 2,, 29.85652995109558,, network, relaxation,, 157,,,13,144
dnn_CIFAR100-rgb_200-200_7.500000000000001e-05_0004, 27.10999870300293, , 11, 11, 145,, 0, 0, 4,, 36.135403871536255,, network, relaxation,, 161,,,11,150
dnn_CIFAR100-rgb_200-200_7.500000000000001e-05_0005, 27.760000228881836, , 15, 15, 140,, 0, 0, 4,, 45.208277463912964,, network, relaxation,, 160,,,15,145
dnn_CIFAR100-rgb_200-200_0.0001_0001, 26.94999885559082, , 12, 12, 139,, 0, 0, 14,, 21.616848945617676,, network, relaxation,, 165,,,12,153
dnn_CIFAR100-rgb_200-200_0.0001_0002, 27.369998931884766, , 13, 13, 146,, 0, 0, 12,, 26.742359399795532,, network, relaxation,, 172,,,13,159
dnn_CIFAR100-rgb_200-200_0.0001_0003, 26.649999618530273, , 15, 15, 140,, 0, 0, 27,, 21.201354503631592,, network, relaxation,, 182,,,15,167
dnn_CIFAR100-rgb_200-200_0.0001_0004, 27.059999465942383, , 12, 12, 147,, 1, 1, 12,, 41.6804563999176,, network, relaxation,, 173,,,13,160
dnn_CIFAR100-rgb_200-200_0.0001_0005, 26.65999984741211, , 13, 13, 144,, 0, 0, 14,, 21.484421014785767,, network, relaxation,, 171,,,13,158
dnn_CIFAR100-rgb_200-200_0.000125_0001, 26.3799991607666, , 20, 20, 140,, 2, 2, 31,, 21.37978172302246,, network, relaxation,, 193,,,22,171
dnn_CIFAR100-rgb_200-200_0.000125_0002, 26.35999870300293, , 19, 19, 146,, 6, 6, 28,, 20.68085813522339,, network, relaxation,, 199,,,25,174
dnn_CIFAR100-rgb_200-200_0.000125_0003, 25.56999969482422, , 14, 14, 147,, 4, 4, 42,, 20.847102403640747,, network, relaxation,, 207,,,18,189
dnn_CIFAR100-rgb_200-200_0.000125_0004, 26.219999313354492, , 13, 13, 144,, 5, 5, 32,, 21.109839916229248,, network, relaxation,, 194,,,18,176
dnn_CIFAR100-rgb_200-200_0.000125_0005, 26.09000015258789, , 14, 14, 156,, 2, 2, 16,, 20.10857582092285,, network, relaxation,, 188,,,16,172
dnn_CIFAR100-rgb_200-200_0.00015000000000000001_0001, 25.59000015258789, , 20, 20, 151,, 11, 11, 28,, 21.506762504577637,, network, relaxation,, 210,,,31,179
dnn_CIFAR100-rgb_200-200_0.00015000000000000001_0002, 25.420000076293945, , 15, 15, 152,, 9, 9, 39,, 20.324876070022583,, network, relaxation,, 215,,,24,191
dnn_CIFAR100-rgb_200-200_0.00015000000000000001_0003, 25.729999542236328, , 29, 29, 131,, 16, 16, 41,, 20.561413049697876,, network, relaxation,, 217,,,45,172
dnn_CIFAR100-rgb_200-200_0.00015000000000000001_0004, 25.59000015258789, , 20, 20, 143,, 12, 12, 35,, 21.924713134765625,, network, relaxation,, 210,,,32,178
dnn_CIFAR100-rgb_200-200_0.00015000000000000001_0005, 25.969999313354492, , 14, 14, 149,, 6, 6, 43,, 23.10681462287903,, network, relaxation,, 212,,,20,192
dnn_CIFAR100-rgb_200-200_0.000175_0001, 25.09000015258789, , 22, 22, 149,, 16, 16, 40,, 20.282507181167603,, network, relaxation,, 227,,,38,189
dnn_CIFAR100-rgb_200-200_0.000175_0002, 24.979999542236328, , 22, 22, 140,, 24, 24, 46,, 22.122690439224243,, network, relaxation,, 233,,,46,187
dnn_CIFAR100-rgb_200-200_0.000175_0003, 25.329999923706055, , 18, 18, 148,, 18, 18, 34,, 21.716798305511475,, network, relaxation,, 218,,,36,182
dnn_CIFAR100-rgb_200-200_0.000175_0004, 24.90999984741211, , 19, 19, 152,, 9, 9, 49,, 20.48665475845337,, network, relaxation,, 229,,,28,201
dnn_CIFAR100-rgb_200-200_0.000175_0005, 24.639999389648438, , 20, 20, 149,, 16, 16, 52,, 21.134936332702637,, network, relaxation,, 237,,,36,201
dnn_CIFAR100-rgb_200-200_0.0002_0001, 24.69999885559082, , 25, 25, 145,, 25, 25, 47,, 21.093247175216675,, network, relaxation,, 242,,,50,192
dnn_CIFAR100-rgb_200-200_0.0002_0002, 23.670000076293945, , 23, 23, 154,, 22, 22, 45,, 20.879427671432495,, network, relaxation,, 244,,,45,199
dnn_CIFAR100-rgb_200-200_0.0002_0003, 24.260000228881836, , 23, 23, 149,, 21, 21, 50,, 22.053271532058716,, network, relaxation,, 244,,,45,199
dnn_CIFAR100-rgb_200-200_0.0002_0004, 24.029998779296875, , 23, 23, 146,, 25, 25, 49,, 20.669394493103027,, network, relaxation,, 243,,,48,195
dnn_CIFAR100-rgb_200-200_0.0002_0005,-,-
dnn_CIFAR100-rgb_400-400_0.0_0001,0,2
dnn_CIFAR100-rgb_400-400_0.0_0002, 30.239999771118164, , 0, 0, 0,, 0, 0, 0,, 46.78098106384277,, network, relaxation,, 3,,,0,3
dnn_CIFAR100-rgb_400-400_0.0_0003, 30.049999237060547, , 0, 0, 0,, 0, 0, 0,, 46.97903919219971,, network, relaxation,, 4,,,0,4
dnn_CIFAR100-rgb_400-400_0.0_0004, 30.099998474121094, , 0, 0, 0,, 0, 0, 0,, 45.48098564147949,, network, relaxation,, 3,,,0,3
dnn_CIFAR100-rgb_400-400_0.0_0005, 30.42999839782715, , 0, 0, 0,, 0, 0, 0,, 45.59397292137146,, network, relaxation,, 4,,,0,4
dnn_CIFAR100-rgb_400-400_2.5e-05_0001,-,-
dnn_CIFAR100-rgb_400-400_2.5e-05_0002, 30.670000076293945, , 0, 0, 0,, 0, 0, 0,, 55.43656396865845,, network, relaxation,, 2,,,0,2
dnn_CIFAR100-rgb_400-400_2.5e-05_0003, 31.0, , 0, 0, 0,, 0, 0, 0,, 55.319233894348145,, network, relaxation,, 1,,,0,1
dnn_CIFAR100-rgb_400-400_2.5e-05_0004, 30.75, , 0, 0, 0,, 0, 0, 0,, 53.39177417755127,, network, relaxation,, 2,,,0,2
dnn_CIFAR100-rgb_400-400_2.5e-05_0005, 30.719999313354492, , 0, 0, 0,, 0, 0, 0,, 42.853578329086304,, network, relaxation,, 0,,,0,0
dnn_CIFAR100-rgb_400-400_5e-05_0001,-,-
dnn_CIFAR100-rgb_400-400_5e-05_0002, 29.85999870300293, , 44, 44, 211,, 0, 0, 0,, 58.31692671775818,, network, relaxation,, 260,,,46,214
dnn_CIFAR100-rgb_400-400_5e-05_0003, 30.219999313354492, , 39, 39, 217,, 0, 0, 0,, 74.86092329025269,, network, relaxation,, 261,,,43,218
dnn_CIFAR100-rgb_400-400_5e-05_0004, 30.599998474121094, , 53, 53, 202,, 0, 0, 1,, 49.81274127960205,, network, relaxation,, 258,,,54,204
dnn_CIFAR100-rgb_400-400_5e-05_0005, 30.149999618530273, , 34, 34, 216,, 0, 0, 0,, 59.446606159210205,, network, relaxation,, 255,,,35,220
dnn_CIFAR100-rgb_400-400_7.500000000000001e-05_0001,-,-
dnn_CIFAR100-rgb_400-400_7.500000000000001e-05_0002, 29.219999313354492, , 64, 64, 248,, 1, 1, 23,, 53.181180477142334,, network, relaxation,, 339,,,65,274
dnn_CIFAR100-rgb_400-400_7.500000000000001e-05_0003, 29.349998474121094, , -, -, -,, -, -, -,, 10897.632230758667,, network, relaxation,, 330,,,66,264
dnn_CIFAR100-rgb_400-400_7.500000000000001e-05_0004, 29.1299991607666, , 55, 55, 250,, 0, 0, 25,, 43.48791265487671,, network, relaxation,, 330,,,55,275
dnn_CIFAR100-rgb_400-400_7.500000000000001e-05_0005, 29.049999237060547, , 79, 79, 223,, 2, 2, 27,, 50.19125747680664,, network, relaxation,, 332,,,82,250
dnn_CIFAR100-rgb_400-400_0.0001_0001,-,-
dnn_CIFAR100-rgb_400-400_0.0001_0002, 28.420000076293945, , 75, 75, 253,, 16, 16, 57,, 54.85350680351257,, network, relaxation,, 402,,,92,310
dnn_CIFAR100-rgb_400-400_0.0001_0003, 27.549999237060547, , 90, 90, 235,, 26, 26, 75,, 47.057133197784424,, network, relaxation,, 427,,,117,310
dnn_CIFAR100-rgb_400-400_0.0001_0004, 28.09000015258789, , 90, 90, 237,, 22, 22, 61,, 43.03923487663269,, network, relaxation,, 410,,,112,298
dnn_CIFAR100-rgb_400-400_0.0001_0005, 27.989999771118164, , 79, 79, 243,, 24, 24, 66,, 59.00029993057251,, network, relaxation,, 413,,,104,309
dnn_CIFAR100-rgb_400-400_0.000125_0001,-,-
dnn_CIFAR100-rgb_400-400_0.000125_0002, 26.779998779296875, , 106, 106, 236,, 49, 49, 93,, 43.83789873123169,, network, relaxation,, 485,,,156,329
dnn_CIFAR100-rgb_400-400_0.000125_0003, 26.599998474121094, , 89, 89, 255,, 39, 39, 91,, 45.273566484451294,, network, relaxation,, 474,,,128,346
dnn_CIFAR100-rgb_400-400_0.000125_0004, 27.369998931884766, , 84, 84, 264,, 47, 47, 89,, 45.42288947105408,, network, relaxation,, 484,,,131,353
dnn_CIFAR100-rgb_400-400_0.000125_0005, 26.53999900817871, , 93, 93, 258,, 51, 51, 96,, 42.68696451187134,, network, relaxation,, 499,,,145,354
dnn_CIFAR100-rgb_400-400_0.00015000000000000001_0001,-,-
dnn_CIFAR100-rgb_400-400_0.00015000000000000001_0002, 25.779998779296875, , 88, 88, 265,, 76, 76, 103,, 45.77741742134094,, network, relaxation,, 533,,,164,369
dnn_CIFAR100-rgb_400-400_0.00015000000000000001_0003, 26.439998626708984, , 92, 92, 266,, 68, 68, 98,, 50.91787624359131,, network, relaxation,, 525,,,161,364
dnn_CIFAR100-rgb_400-400_0.00015000000000000001_0004, 25.829999923706055, , 119, 119, 240,, 68, 68, 96,, 43.54419803619385,, network, relaxation,, 524,,,188,336
dnn_CIFAR100-rgb_400-400_0.00015000000000000001_0005, 25.689998626708984, , 96, 96, 263,, 64, 64, 98,, 48.57917261123657,, network, relaxation,, 524,,,163,361
dnn_CIFAR100-rgb_400-400_0.000175_0001, 25.25, , 123, 123, 241,, 92, 92, 131,, 44.1373655796051,, network, relaxation,, 588,,,216,372
dnn_CIFAR100-rgb_400-400_0.000175_0002, 25.0, , 112, 112, 252,, 88, 88, 125,, 43.48906350135803,, network, relaxation,, 578,,,201,377
dnn_CIFAR100-rgb_400-400_0.000175_0003, 24.829999923706055, , 108, 108, 264,, 90, 90, 122,, 42.09520363807678,, network, relaxation,, 584,,,198,386
dnn_CIFAR100-rgb_400-400_0.000175_0004, 24.76999855041504, , 111, 111, 257,, 103, 103, 125,, 49.13561940193176,, network, relaxation,, 597,,,215,382
dnn_CIFAR100-rgb_400-400_0.000175_0005, 25.100000381469727, , 121, 121, 241,, 109, 109, 115,, 43.30706334114075,, network, relaxation,, 586,,,230,356
dnn_CIFAR100-rgb_400-400_0.0002_0001, 24.239999771118164, , 134, 134, 235,, 99, 99, 142,, 47.07247066497803,, network, relaxation,, 610,,,233,377
dnn_CIFAR100-rgb_400-400_0.0002_0002, 24.029998779296875, , 122, 122, 249,, 126, 126, 108,, 44.650895833969116,, network, relaxation,, 605,,,248,357
dnn_CIFAR100-rgb_400-400_0.0002_0003, 24.399999618530273, , 111, 111, 263,, 93, 93, 141,, 42.69206976890564,, network, relaxation,, 608,,,204,404
dnn_CIFAR100-rgb_400-400_0.0002_0004, 24.170000076293945, , 125, 125, 244,, 103, 103, 144,, 43.697850942611694,, network, relaxation,, 617,,,229,388
dnn_CIFAR100-rgb_400-400_0.0002_0005, 24.239999771118164, , 136, 136, 234,, 98, 98, 146,, 42.507049322128296,, network, relaxation,, 614,,,234,380
dnn_CIFAR100-rgb_800-800_0.0_0001, 31.219999313354492, , 0, 0, 0,, 0, 0, 0,, 91.00083827972412,, network, relaxation,, 0,,,0,0
dnn_CIFAR100-rgb_800-800_0.0_0002, 31.349998474121094, , 0, 0, 0,, 0, 0, 0,, 121.86246514320374,, network, relaxation,, 2,,,0,2
dnn_CIFAR100-rgb_800-800_0.0_0003, 31.51999855041504, , 0, 0, 0,, 0, 0, 0,, 113.38085317611694,, network, relaxation,, 1,,,0,1
dnn_CIFAR100-rgb_800-800_0.0_0004, 31.389999389648438, , 0, 0, 0,, 0, 0, 0,, 91.00019383430481,, network, relaxation,, 0,,,0,0
dnn_CIFAR100-rgb_800-800_0.0_0005, 31.510000228881836, , 0, 0, 0,, 0, 0, 0,, 134.7273564338684,, network, relaxation,, 1,,,0,1
dnn_CIFAR100-rgb_800-800_2.5e-05_0001, 32.439998626708984, , 0, 0, 0,, 0, 0, 0,, 426.545205116272,, network, relaxation,, 1,,,0,1
dnn_CIFAR100-rgb_800-800_2.5e-05_0002, 32.43000030517578, , 0, 0, 0,, 0, 0, 0,, 168.21744179725647,, network, relaxation,, 1,,,0,1
dnn_CIFAR100-rgb_800-800_2.5e-05_0003, 32.80999755859375, , 0, 0, 0,, 0, 0, 0,, 176.6497287750244,, network, relaxation,, 1,,,0,1
dnn_CIFAR100-rgb_800-800_2.5e-05_0004, 32.41999816894531, , 0, 0, 0,, 0, 0, 0,, 227.57389569282532,, network, relaxation,, 1,,,0,1
dnn_CIFAR100-rgb_800-800_2.5e-05_0005, 32.90999984741211, , 0, 0, 0,, 0, 0, 0,, 137.78176522254944,, network, relaxation,, 1,,,0,1
dnn_CIFAR100-rgb_800-800_5e-05_0001, 30.59000015258789, , 184, 184, 346,, 0, 0, 9,, 149.2618589401245,, network, relaxation,, 546,,,186,360
dnn_CIFAR100-rgb_800-800_5e-05_0002, 30.75, , 197, 197, 343,, 0, 0, 7,, 338.09682631492615,, network, relaxation,, 556,,,200,356
dnn_CIFAR100-rgb_800-800_5e-05_0003, 31.239999771118164, , 214, 214, 319,, 0, 0, 10,, 485.30875730514526,, network, relaxation,, 551,,,217,334
dnn_CIFAR100-rgb_800-800_5e-05_0004, 31.10999870300293, , 205, 205, 339,, 0, 0, 10,, 231.43376541137695,, network, relaxation,, 560,,,206,354
dnn_CIFAR100-rgb_800-800_5e-05_0005, 30.969999313354492, , 205, 205, 324,, 0, 0, 5,, 442.4610376358032,, network, relaxation,, 542,,,210,332
dnn_CIFAR100-rgb_800-800_7.500000000000001e-05_0001, 29.649999618530273, , 298, 298, 377,, 54, 54, 133,, 113.87041282653809,, network, relaxation,, 863,,,352,511
dnn_CIFAR100-rgb_800-800_7.500000000000001e-05_0002, 29.42999839782715, , 314, 314, 360,, 64, 64, 153,, 117.69915843009949,, network, relaxation,, 896,,,383,513
dnn_CIFAR100-rgb_800-800_7.500000000000001e-05_0003, 29.420000076293945, , 291, 291, 373,, 67, 67, 146,, 112.20179915428162,, network, relaxation,, 879,,,360,519
dnn_CIFAR100-rgb_800-800_7.500000000000001e-05_0004, 29.579999923706055, , 283, 283, 392,, 73, 73, 138,, 338.82821702957153,, network, relaxation,, 890,,,358,532
dnn_CIFAR100-rgb_800-800_7.500000000000001e-05_0005, 29.15999984741211, , 300, 300, 374,, 78, 78, 152,, 114.9721839427948,, network, relaxation,, 905,,,379,526
dnn_CIFAR100-rgb_800-800_0.0001_0001, 27.639999389648438, , 345, 345, 393,, 178, 178, 228,, 104.18850064277649,, network, relaxation,, 1146,,,525,621
dnn_CIFAR100-rgb_800-800_0.0001_0002, 28.239999771118164, , 329, 329, 400,, 161, 161, 223,, 90.33803534507751,, network, relaxation,, 1113,,,490,623
dnn_CIFAR100-rgb_800-800_0.0001_0003, 27.779998779296875, , 343, 343, 379,, 160, 160, 237,, 97.5164909362793,, network, relaxation,, 1120,,,504,616
dnn_CIFAR100-rgb_800-800_0.0001_0004, 27.51999855041504, , 329, 329, 393,, 167, 167, 253,, 94.51299738883972,, network, relaxation,, 1142,,,496,646
dnn_CIFAR100-rgb_800-800_0.0001_0005, 27.8799991607666, , 334, 334, 396,, 170, 170, 226,, 99.88385248184204,, network, relaxation,, 1130,,,508,622
dnn_CIFAR100-rgb_800-800_0.000125_0001, 26.619998931884766, , 372, 372, 376,, 222, 222, 283,, 9770.723838090897,, network, relaxation,, 1257,,,596,661
dnn_CIFAR100-rgb_800-800_0.000125_0002, 27.099998474121094, , 334, 334, 409,, 226, 226, 257,, 179.03315663337708,, network, relaxation,, 1231,,,562,669
dnn_CIFAR100-rgb_800-800_0.000125_0003, 26.479999542236328, , 360, 360, 389,, 241, 241, 257,, 102.29790925979614,, network, relaxation,, 1249,,,603,646
dnn_CIFAR100-rgb_800-800_0.000125_0004, 26.829999923706055, , 371, 371, 376,, 244, 244, 243,, 95.51977014541626,, network, relaxation,, 1236,,,617,619
dnn_CIFAR100-rgb_800-800_0.000125_0005, 26.579999923706055, , 380, 380, 370,, 229, 229, 281,, 93.88629937171936,, network, relaxation,, 1261,,,610,651
dnn_CIFAR100-rgb_800-800_0.00015000000000000001_0001, 25.939998626708984, , 373, 373, 392,, 311, 311, 262,, 97.22109651565552,, network, relaxation,, 1339,,,685,654
dnn_CIFAR100-rgb_800-800_0.00015000000000000001_0002, 25.969999313354492, , 373, 373, 383,, 275, 275, 315,, 96.04574871063232,, network, relaxation,, 1346,,,648,698
dnn_CIFAR100-rgb_800-800_0.00015000000000000001_0003, 25.43000030517578, , 390, 390, 375,, 301, 301, 282,, 105.47460603713989,, network, relaxation,, 1349,,,692,657
dnn_CIFAR100-rgb_800-800_0.00015000000000000001_0004, 25.779998779296875, , 378, 378, 385,, 285, 285, 290,, 99.17456102371216,, network, relaxation,, 1339,,,663,676
dnn_CIFAR100-rgb_800-800_0.00015000000000000001_0005, 26.01999855041504, , 363, 363, 396,, 278, 278, 304,, 91.67754483222961,, network, relaxation,, 1343,,,642,701
dnn_CIFAR100-rgb_800-800_0.000175_0001, 24.760000228881836, , 407, 407, 362,, 330, 330, 294,, 97.96219968795776,, network, relaxation,, 1397,,,740,657
dnn_CIFAR100-rgb_800-800_0.000175_0002, 24.56999969482422, , 365, 365, 404,, 312, 312, 315,, 101.72005915641785,, network, relaxation,, 1397,,,678,719
dnn_CIFAR100-rgb_800-800_0.000175_0003, 24.56999969482422, , 397, 397, 374,, 293, 293, 332,, 94.3132655620575,, network, relaxation,, 1396,,,690,706
dnn_CIFAR100-rgb_800-800_0.000175_0004, 24.829999923706055, , 363, 363, 404,, 311, 311, 285,, 333.93213415145874,, network, relaxation,, 1366,,,675,691
dnn_CIFAR100-rgb_800-800_0.000175_0005, 24.459999084472656, , 358, 358, 407,, 319, 319, 309,, 131.44448471069336,, network, relaxation,, 1397,,,680,717
dnn_CIFAR100-rgb_800-800_0.0002_0001, 23.619998931884766, , 387, 387, 384,, 330, 330, 319,, 98.72863698005676,, network, relaxation,, 1422,,,718,704
dnn_CIFAR100-rgb_800-800_0.0002_0002, 23.100000381469727, , 399, 399, 373,, 338, 338, 330,, 103.15489029884338,, network, relaxation,, 1442,,,737,705
dnn_CIFAR100-rgb_800-800_0.0002_0003, 23.489999771118164, , 393, 393, 384,, 354, 354, 309,, 95.76725745201111,, network, relaxation,, 1440,,,747,693
dnn_CIFAR100-rgb_800-800_0.0002_0004, 23.369998931884766, , 376, 376, 394,, 332, 332, 333,, 127.54452395439148,, network, relaxation,, 1437,,,710,727
dnn_CIFAR100-rgb_800-800_0.0002_0005, 24.31999969482422, , 382, 382, 393,, 331, 331, 333,, 108.6140730381012,, network, relaxation,, 1440,,,713,727
dnn_CIFAR100-rgb_100-100-100_0.0_0001, 24.600000381469727, , 0, 0, 0,, 0, 0, 0,, 0, 0, 0,, 14.722227811813354,, network, relaxation,, 7,,,0,7
dnn_CIFAR100-rgb_100-100-100_0.0_0002, 25.309999465942383, , 0, 0, 0,, 0, 0, 0,, 0, 0, 0,, 20.688945531845093,, network, relaxation,, 10,,,0,10
dnn_CIFAR100-rgb_100-100-100_0.0_0003, 25.149999618530273, , 0, 0, 0,, 0, 0, 0,, 0, 0, 0,, 15.876033067703247,, network, relaxation,, 9,,,0,9
dnn_CIFAR100-rgb_100-100-100_0.0_0004, 25.059999465942383, , 0, 0, 0,, 0, 0, 0,, 0, 0, 0,, 14.644741773605347,, network, relaxation,, 13,,,0,13
dnn_CIFAR100-rgb_100-100-100_0.0_0005, 24.229999542236328, , 0, 0, 0,, 0, 0, 0,, 0, 0, 0,, 13.70549726486206,, network, relaxation,, 6,,,0,6
dnn_CIFAR100-rgb_100-100-100_2.5e-05_0001, 24.65999984741211, , 0, 0, 0,, 0, 0, 0,, 0, 0, 0,, 14.554959297180176,, network, relaxation,, 2,,,0,2
dnn_CIFAR100-rgb_100-100-100_2.5e-05_0002, 25.18000030517578, , 0, 0, 0,, 0, 0, 0,, 0, 0, 0,, 18.861356019973755,, network, relaxation,, 3,,,0,3
dnn_CIFAR100-rgb_100-100-100_2.5e-05_0003, 25.35999870300293, , 0, 0, 0,, 0, 0, 0,, 0, 0, 0,, 16.39202904701233,, network, relaxation,, 2,,,0,2
dnn_CIFAR100-rgb_100-100-100_2.5e-05_0004, 25.369998931884766, , 0, 0, 0,, 0, 0, 0,, 0, 0, 0,, 14.798539876937866,, network, relaxation,, 1,,,0,1
dnn_CIFAR100-rgb_100-100-100_2.5e-05_0005, 25.8799991607666, , 0, 0, 0,, 0, 0, 0,, 0, 0, 0,, 15.484378099441528,, network, relaxation,, 1,,,0,1
dnn_CIFAR100-rgb_100-100-100_5e-05_0001, 25.51999855041504, , 1, 1, 73,, 0, 0, 0,, 0, 0, 0,, 11.198343515396118,, network, relaxation,, 74,,,1,73
dnn_CIFAR100-rgb_100-100-100_5e-05_0002, 25.26999855041504, , 3, 3, 65,, 0, 0, 0,, 0, 0, 0,, 36.00358581542969,, network, relaxation,, 73,,,6,67
dnn_CIFAR100-rgb_100-100-100_5e-05_0003, 24.979999542236328, , 1, 1, 73,, 0, 0, 1,, 0, 0, 0,, 12.088872194290161,, network, relaxation,, 80,,,3,77
dnn_CIFAR100-rgb_100-100-100_5e-05_0004, 25.51999855041504, , 1, 1, 63,, 0, 0, 0,, 0, 0, 0,, 16.986995220184326,, network, relaxation,, 66,,,1,65
dnn_CIFAR100-rgb_100-100-100_5e-05_0005, 26.06999969482422, , 0, 0, 62,, 0, 0, 0,, 0, 0, 0,, 12.55081582069397,, network, relaxation,, 62,,,0,62
dnn_CIFAR100-rgb_100-100-100_7.500000000000001e-05_0001, 25.68000030517578, , 1, 1, 74,, 0, 0, 5,, 0, 0, 0,, 160.41347098350525,, network, relaxation,, 82,,,1,81
dnn_CIFAR100-rgb_100-100-100_7.500000000000001e-05_0002, 23.709999084472656, , 3, 3, 80,, 0, 0, 5,, 0, 0, 0,, 11.35255217552185,, network, relaxation,, 89,,,3,86
dnn_CIFAR100-rgb_100-100-100_7.500000000000001e-05_0003, 24.229999542236328, , 4, 4, 78,, 0, 0, 1,, 0, 0, 0,, 11.429845809936523,, network, relaxation,, 83,,,4,79
dnn_CIFAR100-rgb_100-100-100_7.500000000000001e-05_0004, 25.69999885559082, , 2, 2, 77,, 0, 0, 5,, 0, 0, 0,, 16.55056667327881,, network, relaxation,, 85,,,2,83
dnn_CIFAR100-rgb_100-100-100_7.500000000000001e-05_0005, 23.219999313354492, , 2, 2, 84,, 0, 0, 6,, 0, 0, 0,, 11.578743696212769,, network, relaxation,, 93,,,2,91
dnn_CIFAR100-rgb_100-100-100_0.0001_0001, 24.299999237060547, , 0, 0, 83,, 0, 0, 7,, 0, 0, 0,, 11.589349746704102,, network, relaxation,, 90,,,0,90
dnn_CIFAR100-rgb_100-100-100_0.0001_0002, 22.10999870300293, , 3, 3, 86,, 0, 0, 8,, 0, 0, 0,, 11.009405136108398,, network, relaxation,, 97,,,3,94
dnn_CIFAR100-rgb_100-100-100_0.0001_0003, 23.279998779296875, , 1, 1, 86,, 0, 0, 10,, 0, 0, 0,, 15.702747583389282,, network, relaxation,, 98,,,1,97
dnn_CIFAR100-rgb_100-100-100_0.0001_0004, 23.229999542236328, , 3, 3, 82,, 0, 0, 6,, 0, 0, 0,, 11.64741849899292,, network, relaxation,, 93,,,3,90
dnn_CIFAR100-rgb_100-100-100_0.0001_0005, 24.649999618530273, , 0, 0, 83,, 0, 0, 5,, 0, 0, 0,, 10.894015312194824,, network, relaxation,, 88,,,0,88
dnn_CIFAR100-rgb_100-100-100_0.000125_0001, 24.850000381469727, , 1, 1, 78,, 0, 0, 17,, 0, 0, 2,, 11.115595579147339,, network, relaxation,, 98,,,1,97
dnn_CIFAR100-rgb_100-100-100_0.000125_0002, 22.369998931884766, , 4, 4, 85,, 0, 0, 5,, 0, 0, 4,, 10.965542554855347,, network, relaxation,, 98,,,4,94
dnn_CIFAR100-rgb_100-100-100_0.000125_0003, 24.670000076293945, , 3, 3, 72,, 0, 0, 15,, 0, 0, 1,, 11.834633111953735,, network, relaxation,, 91,,,3,88
dnn_CIFAR100-rgb_100-100-100_0.000125_0004, 23.229999542236328, , 2, 2, 86,, 0, 0, 9,, 0, 0, 1,, 11.267918348312378,, network, relaxation,, 98,,,2,96
dnn_CIFAR100-rgb_100-100-100_0.000125_0005, 24.34000015258789, , 4, 4, 78,, 0, 0, 17,, 0, 0, 0,, 13.681595087051392,, network, relaxation,, 100,,,4,96
dnn_CIFAR100-rgb_100-100-100_0.00015000000000000001_0001, 23.139999389648438, , 3, 3, 85,, 1, 1, 13,, 0, 0, 5,, 12.947876691818237,, network, relaxation,, 108,,,5,103
dnn_CIFAR100-rgb_100-100-100_0.00015000000000000001_0002, 22.6299991607666, , 1, 1, 87,, 1, 1, 14,, 0, 0, 6,, 10.304467678070068,, network, relaxation,, 109,,,2,107
dnn_CIFAR100-rgb_100-100-100_0.00015000000000000001_0003, 22.60999870300293, , 4, 4, 83,, 1, 1, 14,, 0, 0, 7,, 10.346663236618042,, network, relaxation,, 109,,,5,104
dnn_CIFAR100-rgb_100-100-100_0.00015000000000000001_0004, 23.760000228881836, , 6, 6, 77,, 2, 2, 18,, 1, 1, 6,, 184.77070307731628,, network, relaxation,, 110,,,9,101
dnn_CIFAR100-rgb_100-100-100_0.00015000000000000001_0005, 23.53999900817871, , 4, 4, 81,, 4, 4, 11,, 0, 0, 5,, 10.969428539276123,, network, relaxation,, 105,,,8,97
dnn_CIFAR100-rgb_100-100-100_0.000175_0001, 23.31999969482422, , 1, 1, 84,, 4, 4, 10,, 0, 0, 3,, 10.493468046188354,, network, relaxation,, 102,,,5,97
dnn_CIFAR100-rgb_100-100-100_0.000175_0002, 22.0, , 6, 6, 83,, 2, 2, 15,, 0, 0, 8,, 10.552327156066895,, network, relaxation,, 114,,,8,106
dnn_CIFAR100-rgb_100-100-100_0.000175_0003, 22.469999313354492, , 0, 0, 87,, 2, 2, 13,, 0, 0, 7,, 10.900500297546387,, network, relaxation,, 110,,,3,107
dnn_CIFAR100-rgb_100-100-100_0.000175_0004, 20.510000228881836, , 2, 2, 89,, 0, 0, 17,, 0, 0, 10,, 10.444519996643066,, network, relaxation,, 118,,,2,116
dnn_CIFAR100-rgb_100-100-100_0.000175_0005, 22.84000015258789, , 3, 3, 84,, 2, 2, 18,, 2, 2, 5,, 11.335806131362915,, network, relaxation,, 115,,,8,107
dnn_CIFAR100-rgb_100-100-100_0.0002_0001, 22.829999923706055, , 1, 1, 84,, 5, 5, 25,, 2, 2, 16,, 11.37432599067688,, network, relaxation,, 133,,,8,125
dnn_CIFAR100-rgb_100-100-100_0.0002_0002, 22.85999870300293, , 3, 3, 82,, 5, 5, 12,, 4, 4, 12,, 12.32089376449585,, network, relaxation,, 119,,,13,106
dnn_CIFAR100-rgb_100-100-100_0.0002_0003, 22.899999618530273, , 4, 4, 81,, 5, 5, 27,, 1, 1, 9,, 12.373483419418335,, network, relaxation,, 128,,,11,117
dnn_CIFAR100-rgb_100-100-100_0.0002_0004, 21.649999618530273, , 2, 2, 86,, 3, 3, 22,, 3, 3, 14,, 10.689926624298096,, network, relaxation,, 130,,,8,122
dnn_CIFAR100-rgb_100-100-100_0.0002_0005, 21.959999084472656, , 1, 1, 86,, 4, 4, 24,, 5, 5, 10,, 13.409579753875732,, network, relaxation,, 131,,,11,120
dnn_CIFAR100-rgb_100-100-100-100_0.0_0001, 24.90999984741211, , 0, 0, 0,, 0, 0, 0,, 0, 0, 0,, 0, 0, 0,, 69.50054287910461,, network, relaxation,, 9,,,0,9
dnn_CIFAR100-rgb_100-100-100-100_0.0_0002, 23.959999084472656, , 0, 0, 0,, 0, 0, 0,, 0, 0, 0,, 0, 0, 0,, 16.82853603363037,, network, relaxation,, 18,,,0,18
dnn_CIFAR100-rgb_100-100-100-100_0.0_0003, 25.15999984741211, , 0, 0, 0,, 0, 0, 0,, 0, 0, 0,, 0, 0, 0,, 14.920763492584229,, network, relaxation,, 9,,,0,9
dnn_CIFAR100-rgb_100-100-100-100_0.0_0004, 24.969999313354492, , 0, 0, 0,, 0, 0, 0,, 0, 0, 0,, 0, 0, 0,, 26.537084579467773,, network, relaxation,, 11,,,0,11
dnn_CIFAR100-rgb_100-100-100-100_0.0_0005, 24.3799991607666, , 0, 0, 0,, 0, 0, 0,, 0, 0, 0,, 0, 0, 0,, 16.49750256538391,, network, relaxation,, 16,,,0,16
dnn_CIFAR100-rgb_100-100-100-100_2.5e-05_0001, 25.239999771118164, , 0, 0, 0,, 0, 0, 0,, 0, 0, 0,, 0, 0, 0,, 21.685354232788086,, network, relaxation,, 3,,,0,3
dnn_CIFAR100-rgb_100-100-100-100_2.5e-05_0002, 25.19999885559082, , 0, 0, 0,, 0, 0, 0,, 0, 0, 0,, 0, 0, 0,, 14.422019958496094,, network, relaxation,, 5,,,0,5
dnn_CIFAR100-rgb_100-100-100-100_2.5e-05_0003, 25.60999870300293, , 0, 0, 0,, 0, 0, 0,, 0, 0, 0,, 0, 0, 0,, 15.717854022979736,, network, relaxation,, 2,,,0,2
dnn_CIFAR100-rgb_100-100-100-100_2.5e-05_0004, 24.03999900817871, , 0, 0, 0,, 0, 0, 0,, 0, 0, 0,, 0, 0, 0,, 11.256020545959473,, network, relaxation,, 0,,,0,0
dnn_CIFAR100-rgb_100-100-100-100_2.5e-05_0005, 24.619998931884766, , 0, 0, 0,, 0, 0, 0,, 0, 0, 0,, 0, 0, 0,, 13.989289045333862,, network, relaxation,, 1,,,0,1
dnn_CIFAR100-rgb_100-100-100-100_5e-05_0001, 25.78999900817871, , 0, 0, 69,, 0, 0, 0,, 0, 0, 0,, 0, 0, 0,, 12.60266375541687,, network, relaxation,, 70,,,0,70
dnn_CIFAR100-rgb_100-100-100-100_5e-05_0002, 23.809999465942383, , 5, 5, 77,, 0, 0, 0,, 0, 0, 0,, 0, 0, 0,, 5966.771416902542,, network, relaxation,, 85,,,5,80
dnn_CIFAR100-rgb_100-100-100-100_5e-05_0003, 24.619998931884766, , 1, 1, 75,, 0, 0, 1,, 0, 0, 0,, 0, 0, 0,, 24.766441106796265,, network, relaxation,, 84,,,1,83
dnn_CIFAR100-rgb_100-100-100-100_5e-05_0004, 24.829999923706055, , 2, 2, 76,, 0, 0, 0,, 0, 0, 0,, 0, 0, 0,, 25.731173276901245,, network, relaxation,, 81,,,3,78
dnn_CIFAR100-rgb_100-100-100-100_5e-05_0005, 24.85999870300293, , 4, 4, 67,, 0, 0, 0,, 0, 0, 0,, 0, 0, 0,, 19.908995389938354,, network, relaxation,, 76,,,5,71
dnn_CIFAR100-rgb_100-100-100-100_7.500000000000001e-05_0001, 25.25, , 2, 2, 73,, 0, 0, 4,, 0, 0, 0,, 0, 0, 0,, 11.711409330368042,, network, relaxation,, 79,,,2,77
dnn_CIFAR100-rgb_100-100-100-100_7.500000000000001e-05_0002, 25.049999237060547, , 4, 4, 71,, 0, 0, 3,, 0, 0, 0,, 0, 0, 0,, 14.036801815032959,, network, relaxation,, 80,,,5,75
dnn_CIFAR100-rgb_100-100-100-100_7.500000000000001e-05_0003, 24.51999855041504, , 3, 3, 82,, 0, 0, 4,, 0, 0, 0,, 0, 0, 0,, 12.888477325439453,, network, relaxation,, 90,,,3,87
dnn_CIFAR100-rgb_100-100-100-100_7.500000000000001e-05_0004, 25.599998474121094, , 5, 5, 73,, 0, 0, 5,, 0, 0, 0,, 0, 0, 0,, 11.343236207962036,, network, relaxation,, 83,,,5,78
dnn_CIFAR100-rgb_100-100-100-100_7.500000000000001e-05_0005, 25.06999969482422, , 1, 1, 81,, 0, 0, 6,, 0, 0, 0,, 0, 0, 0,, 12.460670948028564,, network, relaxation,, 89,,,1,88
dnn_CIFAR100-rgb_100-100-100-100_0.0001_0001, 24.60999870300293, , 1, 1, 84,, 0, 0, 11,, 0, 0, 0,, 0, 0, 0,, 4664.98807144165,, network, relaxation,, 97,,,1,96
dnn_CIFAR100-rgb_100-100-100-100_0.0001_0002, 23.78999900817871, , -, -, -,, -, -, -,, -, -, -,, -, -, -,, 10829.46159029007,, network, relaxation,, 92,,,0,92
dnn_CIFAR100-rgb_100-100-100-100_0.0001_0003, 24.78999900817871, , 4, 4, 79,, 0, 0, 11,, 0, 0, 0,, 0, 0, 0,, 11.469964027404785,, network, relaxation,, 94,,,4,90
dnn_CIFAR100-rgb_100-100-100-100_0.0001_0004, 24.670000076293945, , 3, 3, 80,, 0, 0, 11,, 0, 0, 0,, 0, 0, 0,, 14.368268728256226,, network, relaxation,, 95,,,3,92
dnn_CIFAR100-rgb_100-100-100-100_0.0001_0005, 25.0, , 2, 2, 73,, 0, 0, 5,, 0, 0, 0,, 0, 0, 0,, 11.420392274856567,, network, relaxation,, 80,,,2,78
dnn_CIFAR100-rgb_100-100-100-100_0.000125_0001, 23.65999984741211, , 5, 5, 81,, 0, 0, 10,, 0, 0, 3,, 0, 0, 2,, 11.444831848144531,, network, relaxation,, 101,,,5,96
dnn_CIFAR100-rgb_100-100-100-100_0.000125_0002, 23.6299991607666, , 0, 0, 86,, 0, 0, 9,, 0, 0, 0,, 0, 0, 2,, 11.615809440612793,, network, relaxation,, 97,,,0,97
dnn_CIFAR100-rgb_100-100-100-100_0.000125_0003, 22.59000015258789, , -, -, -,, -, -, -,, -, -, -,, -, -, -,, 10811.562373638153,, network, relaxation,, 99,,,2,97
dnn_CIFAR100-rgb_100-100-100-100_0.000125_0004, 24.709999084472656, , -, -, -,, -, -, -,, -, -, -,, -, -, -,, 10873.685877084732,, network, relaxation,, 102,,,5,97
dnn_CIFAR100-rgb_100-100-100-100_0.000125_0005, 24.399999618530273, , 2, 2, 81,, 0, 0, 12,, 0, 0, 0,, 0, 0, 1,, 12.39656400680542,, network, relaxation,, 96,,,2,94
dnn_CIFAR100-rgb_100-100-100-100_0.00015000000000000001_0001, 24.469999313354492, , 6, 6, 74,, 3, 3, 16,, 1, 1, 7,, 0, 0, 5,, 160.1614158153534,, network, relaxation,, 113,,,10,103
dnn_CIFAR100-rgb_100-100-100-100_0.00015000000000000001_0002, 23.739999771118164, , -, -, -,, -, -, -,, -, -, -,, -, -, -,, 10866.481832504272,, network, relaxation,, 113,,,8,105
dnn_CIFAR100-rgb_100-100-100-100_0.00015000000000000001_0003, 23.189998626708984, , 1, 1, 85,, 3, 3, 18,, 0, 0, 3,, 0, 0, 1,, 17.826875925064087,, network, relaxation,, 112,,,4,108
dnn_CIFAR100-rgb_100-100-100-100_0.00015000000000000001_0004, 21.25, , 0, 0, 90,, 5, 5, 15,, 0, 0, 9,, 0, 0, 7,, 10.828498840332031,, network, relaxation,, 126,,,5,121
dnn_CIFAR100-rgb_100-100-100-100_0.00015000000000000001_0005, 24.03999900817871, , 1, 1, 83,, 2, 2, 19,, 0, 0, 7,, 0, 0, 3,, 10.869523763656616,, network, relaxation,, 115,,,3,112
dnn_CIFAR100-rgb_100-100-100-100_0.000175_0001, 19.43000030517578, , 1, 1, 91,, 3, 3, 18,, 0, 0, 14,, 2, 2, 13,, 15.369602680206299,, network, relaxation,, 143,,,6,137
dnn_CIFAR100-rgb_100-100-100-100_0.000175_0002, 23.899999618530273, , 1, 1, 82,, 6, 6, 17,, 3, 3, 9,, 0, 0, 9,, 155.31726479530334,, network, relaxation,, 128,,,10,118
dnn_CIFAR100-rgb_100-100-100-100_0.000175_0003, 23.75, , 6, 6, 76,, 5, 5, 16,, 2, 2, 8,, 1, 1, 5,, 53.14940023422241,, network, relaxation,, 122,,,14,108
dnn_CIFAR100-rgb_100-100-100-100_0.000175_0004, 22.260000228881836, , 3, 3, 86,, 2, 2, 16,, 1, 1, 13,, 0, 0, 13,, 11.817914485931396,, network, relaxation,, 134,,,6,128
dnn_CIFAR100-rgb_100-100-100-100_0.000175_0005, 21.8799991607666, , 2, 2, 87,, 3, 3, 20,, 4, 4, 6,, 0, 0, 13,, 11.718705654144287,, network, relaxation,, 135,,,9,126
dnn_CIFAR100-rgb_100-100-100-100_0.0002_0001, 23.029998779296875, , 5, 5, 82,, 6, 6, 25,, 4, 4, 17,, 3, 3, 9,, 486.6760482788086,, network, relaxation,, 151,,,18,133
dnn_CIFAR100-rgb_100-100-100-100_0.0002_0002, 21.869998931884766, , 1, 1, 86,, 1, 1, 22,, 7, 7, 20,, 2, 2, 14,, 11.554623126983643,, network, relaxation,, 153,,,11,142
dnn_CIFAR100-rgb_100-100-100-100_0.0002_0003, 19.969999313354492, , 2, 2, 89,, 4, 4, 19,, 8, 8, 13,, 3, 3, 18,, 12.325440645217896,, network, relaxation,, 157,,,18,139
dnn_CIFAR100-rgb_100-100-100-100_0.0002_0004, 21.469999313354492, , 4, 4, 85,, 3, 3, 18,, 2, 2, 24,, 1, 1, 14,, 10.75281548500061,, network, relaxation,, 151,,,10,141
dnn_CIFAR100-rgb_100-100-100-100_0.0002_0005, 23.76999855041504, , 5, 5, 79,, 10, 10, 15,, 8, 8, 14,, 3, 3, 16,, 43.002867698669434,, network, relaxation,, 151,,,26,125
dnn_CIFAR100-rgb_100-100-100-100-100_0.0_0001, 23.600000381469727, , 0, 0, 0,, 0, 0, 0,, 0, 0, 0,, 0, 0, 0,, 0, 0, 0,, 15.926682949066162,, network, relaxation,, 18,,,0,18
dnn_CIFAR100-rgb_100-100-100-100-100_0.0_0002, 23.959999084472656, , 0, 0, 0,, 0, 0, 0,, 0, 0, 0,, 0, 0, 0,, 0, 0, 0,, 17.072576999664307,, network, relaxation,, 6,,,0,6
dnn_CIFAR100-rgb_100-100-100-100-100_0.0_0003, 24.549999237060547, , 0, 0, 0,, 0, 0, 0,, 0, 0, 0,, 0, 0, 0,, 0, 0, 0,, 16.3396053314209,, network, relaxation,, 12,,,0,12
dnn_CIFAR100-rgb_100-100-100-100-100_0.0_0004, 23.939998626708984, , 0, 0, 0,, 0, 0, 0,, 0, 0, 0,, 0, 0, 0,, 0, 0, 0,, 15.90935754776001,, network, relaxation,, 9,,,0,9
dnn_CIFAR100-rgb_100-100-100-100-100_0.0_0005, 24.850000381469727, , 0, 0, 0,, 0, 0, 0,, 0, 0, 0,, 0, 0, 0,, 0, 0, 0,, 24.867623329162598,, network, relaxation,, 7,,,0,7
dnn_CIFAR100-rgb_100-100-100-100-100_2.5e-05_0001, 25.149999618530273, , 0, 0, 0,, 0, 0, 0,, 0, 0, 0,, 0, 0, 0,, 0, 0, 0,, 242.05985498428345,, network, relaxation,, 3,,,0,3
dnn_CIFAR100-rgb_100-100-100-100-100_2.5e-05_0002, 24.670000076293945, , 0, 0, 0,, 0, 0, 0,, 0, 0, 0,, 0, 0, 0,, 0, 0, 0,, 14.537824153900146,, network, relaxation,, 2,,,0,2
dnn_CIFAR100-rgb_100-100-100-100-100_2.5e-05_0003, 24.0, , 0, 0, 0,, 0, 0, 0,, 0, 0, 0,, 0, 0, 0,, 0, 0, 0,, 333.5346710681915,, network, relaxation,, 9,,,0,9
dnn_CIFAR100-rgb_100-100-100-100-100_2.5e-05_0004, 24.399999618530273, , 0, 0, 0,, 0, 0, 0,, 0, 0, 0,, 0, 0, 0,, 0, 0, 0,, 15.388312816619873,, network, relaxation,, 2,,,0,2
dnn_CIFAR100-rgb_100-100-100-100-100_2.5e-05_0005, 24.649999618530273, , 0, 0, 0,, 0, 0, 0,, 0, 0, 0,, 0, 0, 0,, 0, 0, 0,, 17.4160053730011,, network, relaxation,, 9,,,0,9
dnn_CIFAR100-rgb_100-100-100-100-100_5e-05_0001, 25.31999969482422, , 1, 1, 62,, 0, 0, 0,, 0, 0, 0,, 0, 0, 0,, 0, 0, 0,, 54.3125319480896,, network, relaxation,, 68,,,2,66
dnn_CIFAR100-rgb_100-100-100-100-100_5e-05_0002, 24.389999389648438, , 1, 1, 68,, 0, 0, 1,, 0, 0, 0,, 0, 0, 0,, 0, 0, 0,, 12.073771953582764,, network, relaxation,, 70,,,1,69
dnn_CIFAR100-rgb_100-100-100-100-100_5e-05_0003, 24.94999885559082, , 0, 0, 70,, 0, 0, 1,, 0, 0, 0,, 0, 0, 0,, 0, 0, 0,, 15.286035299301147,, network, relaxation,, 73,,,1,72
dnn_CIFAR100-rgb_100-100-100-100-100_5e-05_0004, 25.229999542236328, , 1, 1, 65,, 0, 0, 0,, 0, 0, 0,, 0, 0, 0,, 0, 0, 0,, 56.67910695075989,, network, relaxation,, 71,,,1,70
dnn_CIFAR100-rgb_100-100-100-100-100_5e-05_0005, 25.51999855041504, , 0, 0, 67,, 0, 0, 0,, 0, 0, 0,, 0, 0, 0,, 0, 0, 0,, 18.150562524795532,, network, relaxation,, 69,,,0,69
dnn_CIFAR100-rgb_100-100-100-100-100_7.500000000000001e-05_0001, 24.869998931884766, , -, -, -,, -, -, -,, -, -, -,, -, -, -,, -, -, -,, 10833.790919303894,, network, relaxation,, 84,,,1,83
dnn_CIFAR100-rgb_100-100-100-100-100_7.500000000000001e-05_0002, 24.78999900817871, , 2, 2, 78,, 0, 0, 3,, 0, 0, 0,, 0, 0, 0,, 0, 0, 0,, 14.171482801437378,, network, relaxation,, 84,,,2,82
dnn_CIFAR100-rgb_100-100-100-100-100_7.500000000000001e-05_0003, 24.439998626708984, , 7, 7, 76,, 0, 0, 5,, 0, 0, 0,, 0, 0, 0,, 0, 0, 0,, 13.737289905548096,, network, relaxation,, 90,,,7,83
dnn_CIFAR100-rgb_100-100-100-100-100_7.500000000000001e-05_0004, 24.670000076293945, , 2, 2, 80,, 0, 0, 4,, 0, 0, 0,, 0, 0, 0,, 0, 0, 0,, 14.502158164978027,, network, relaxation,, 87,,,2,85
dnn_CIFAR100-rgb_100-100-100-100-100_7.500000000000001e-05_0005, 24.68000030517578, , 1, 1, 80,, 0, 0, 2,, 0, 0, 0,, 0, 0, 0,, 0, 0, 0,, 14.168850183486938,, network, relaxation,, 84,,,1,83
dnn_CIFAR100-rgb_100-100-100-100-100_0.0001_0001, 23.65999984741211, , 1, 1, 86,, 0, 0, 13,, 0, 0, 0,, 0, 0, 0,, 0, 0, 0,, 11.139713764190674,, network, relaxation,, 100,,,1,99
dnn_CIFAR100-rgb_100-100-100-100-100_0.0001_0002, 23.93000030517578, , 2, 2, 80,, 0, 0, 3,, 0, 0, 0,, 0, 0, 0,, 0, 0, 0,, 11.356753587722778,, network, relaxation,, 85,,,2,83
dnn_CIFAR100-rgb_100-100-100-100-100_0.0001_0003, 24.559999465942383, , 2, 2, 79,, 0, 0, 15,, 0, 0, 0,, 0, 0, 0,, 0, 0, 0,, 11.76749587059021,, network, relaxation,, 96,,,2,94
dnn_CIFAR100-rgb_100-100-100-100-100_0.0001_0004, 22.369998931884766, , 3, 3, 85,, 0, 0, 15,, 0, 0, 0,, 0, 0, 0,, 0, 0, 0,, 4657.6863515377045,, network, relaxation,, 104,,,3,101
dnn_CIFAR100-rgb_100-100-100-100-100_0.0001_0005, 24.60999870300293, , 3, 3, 79,, 0, 0, 12,, 0, 0, 0,, 0, 0, 0,, 0, 0, 0,, 11.830248355865479,, network, relaxation,, 94,,,3,91
dnn_CIFAR100-rgb_100-100-100-100-100_0.000125_0001, 24.479999542236328, , 5, 5, 75,, 0, 0, 9,, 0, 0, 0,, 0, 0, 1,, 0, 0, 2,, 552.0646545886993,, network, relaxation,, 93,,,5,88
dnn_CIFAR100-rgb_100-100-100-100-100_0.000125_0002, 24.299999237060547, , 1, 1, 83,, 3, 3, 12,, 0, 0, 1,, 0, 0, 2,, 0, 0, 0,, 16.960683822631836,, network, relaxation,, 103,,,4,99
dnn_CIFAR100-rgb_100-100-100-100-100_0.000125_0003, 24.1299991607666, , 1, 1, 80,, 0, 0, 11,, 0, 0, 0,, 0, 0, 1,, 0, 0, 2,, 11.207153558731079,, network, relaxation,, 95,,,1,94
dnn_CIFAR100-rgb_100-100-100-100-100_0.000125_0004, 24.28999900817871, , -, -, -,, -, -, -,, -, -, -,, -, -, -,, -, -, -,, 10863.664541721344,, network, relaxation,, 109,,,5,104
dnn_CIFAR100-rgb_100-100-100-100-100_0.000125_0005, 24.010000228881836, , 3, 3, 82,, 1, 1, 13,, 0, 0, 3,, 0, 0, 0,, 0, 0, 0,, 11.590026140213013,, network, relaxation,, 102,,,4,98
dnn_CIFAR100-rgb_100-100-100-100-100_0.00015000000000000001_0001, 23.93000030517578, , 2, 2, 77,, 2, 2, 15,, 1, 1, 5,, 1, 1, 10,, 0, 0, 4,, 49.044055700302124,, network, relaxation,, 118,,,6,112
dnn_CIFAR100-rgb_100-100-100-100-100_0.00015000000000000001_0002, 23.40999984741211, , 4, 4, 79,, 2, 2, 12,, 0, 0, 9,, 0, 0, 6,, 0, 0, 6,, 11.111640691757202,, network, relaxation,, 118,,,6,112
dnn_CIFAR100-rgb_100-100-100-100-100_0.00015000000000000001_0003, 22.709999084472656, , 4, 4, 84,, 0, 0, 18,, 0, 0, 6,, 1, 1, 3,, 0, 0, 5,, 24.93721580505371,, network, relaxation,, 121,,,5,116
dnn_CIFAR100-rgb_100-100-100-100-100_0.00015000000000000001_0004, 24.06999969482422, , 2, 2, 82,, 3, 3, 17,, 0, 0, 3,, 0, 0, 4,, 0, 0, 8,, 53.903106689453125,, network, relaxation,, 119,,,5,114
dnn_CIFAR100-rgb_100-100-100-100-100_0.00015000000000000001_0005, 23.799999237060547, , 2, 2, 81,, 3, 3, 13,, 0, 0, 5,, 0, 0, 2,, 0, 0, 2,, 11.400681495666504,, network, relaxation,, 108,,,5,103
dnn_CIFAR100-rgb_100-100-100-100-100_0.000175_0001, 22.579999923706055, , 1, 1, 84,, 7, 7, 13,, 3, 3, 14,, 5, 5, 6,, 0, 0, 14,, 11.854004383087158,, network, relaxation,, 147,,,16,131
dnn_CIFAR100-rgb_100-100-100-100-100_0.000175_0002, 21.529998779296875, , 1, 1, 89,, 5, 5, 15,, 4, 4, 10,, 4, 4, 11,, 2, 2, 7,, 2364.0283572673798,, network, relaxation,, 151,,,18,133
dnn_CIFAR100-rgb_100-100-100-100-100_0.000175_0003, 23.90999984741211, , 2, 2, 77,, 5, 5, 27,, 1, 1, 9,, 3, 3, 14,, 2, 2, 3,, 11.955938339233398,, network, relaxation,, 143,,,13,130
dnn_CIFAR100-rgb_100-100-100-100-100_0.000175_0004, 22.899999618530273, , 6, 6, 79,, 4, 4, 20,, 2, 2, 12,, 3, 3, 12,, 0, 0, 10,, 704.2207860946655,, network, relaxation,, 149,,,15,134
dnn_CIFAR100-rgb_100-100-100-100-100_0.000175_0005, 21.35999870300293, , 1, 1, 87,, 7, 7, 20,, 1, 1, 10,, 1, 1, 8,, 2, 2, 11,, 113.62921738624573,, network, relaxation,, 149,,,12,137
dnn_CIFAR100-rgb_100-100-100-100-100_0.0002_0001, 20.15999984741211, , 1, 1, 90,, 5, 5, 28,, 8, 8, 16,, 4, 4, 16,, 3, 3, 12,, 25.69629216194153,, network, relaxation,, 185,,,22,163
dnn_CIFAR100-rgb_100-100-100-100-100_0.0002_0002, 22.260000228881836, , 2, 2, 85,, 4, 4, 24,, 7, 7, 19,, 6, 6, 14,, 1, 1, 11,, 21.68801498413086,, network, relaxation,, 174,,,21,153
dnn_CIFAR100-rgb_100-100-100-100-100_0.0002_0003, 22.439998626708984, , 3, 3, 81,, 9, 9, 22,, 12, 12, 12,, 6, 6, 19,, 5, 5, 19,, 4091.341237306595,, network, relaxation,, 189,,,36,153
dnn_CIFAR100-rgb_100-100-100-100-100_0.0002_0004, 22.40999984741211, , 7, 7, 78,, 9, 9, 23,, 6, 6, 20,, 4, 4, 10,, 4, 4, 13,, 11.921132326126099,, network, relaxation,, 174,,,30,144
dnn_CIFAR100-rgb_100-100-100-100-100_0.0002_0005, 22.18000030517578, , -, -, -,, -, -, -,, -, -, -,, -, -, -,, -, -, -,, 10800.517649650574,, network, relaxation,, 178,,,29,149
dnn_CIFAR100-rgb_1600-1600_0.0_0001, 32.11000061035156, , 0, 0, 0,, 0, 0, 0,, 227.23395586013794,, network, relaxation,, 0,,,0,0
dnn_CIFAR100-rgb_1600-1600_0.0_0002, 32.57999801635742, , 0, 0, 0,, 0, 0, 0,, 431.8437886238098,, network, relaxation,, 2,,,0,2
dnn_CIFAR100-rgb_1600-1600_0.0_0003, 32.77000045776367, , 0, 0, 0,, 0, 0, 0,, 407.0792381763458,, network, relaxation,, 4,,,0,4
dnn_CIFAR100-rgb_1600-1600_0.0_0004, 32.540000915527344, , 0, 0, 0,, 0, 0, 0,, 462.4626376628876,, network, relaxation,, 2,,,0,2
dnn_CIFAR100-rgb_1600-1600_0.0_0005, 32.880001068115234, , 0, 0, 0,, 0, 0, 0,, 372.8391923904419,, network, relaxation,, 1,,,0,1
dnn_CIFAR100-rgb_1600-1600_2.5e-05_0001, 33.18000030517578, , 0, 0, 0,, 0, 0, 0,, 3371.2074043750763,, network, relaxation,, 2,,,0,2
dnn_CIFAR100-rgb_1600-1600_2.5e-05_0002, 32.96999740600586, , 0, 0, 0,, 0, 0, 0,, 871.4926216602325,, network, relaxation,, 1,,,0,1
dnn_CIFAR100-rgb_1600-1600_2.5e-05_0003, 33.41999816894531, , 0, 0, 0,, 0, 0, 0,, 214.67455625534058,, network, relaxation,, 0,,,0,0
dnn_CIFAR100-rgb_1600-1600_2.5e-05_0004, 33.57999801635742, , 0, 0, 0,, 0, 0, 0,, 1184.5999133586884,, network, relaxation,, 2,,,0,2
dnn_CIFAR100-rgb_1600-1600_2.5e-05_0005, 33.290000915527344, , 0, 0, 0,, 0, 0, 0,, 3469.555780649185,, network, relaxation,, 2,,,0,2
dnn_CIFAR100-rgb_1600-1600_5e-05_0001, 30.69999885559082, , -, -, -,, -, -, -,, 11712.930156707764,, network, relaxation,, 1580,,,905,675
dnn_CIFAR100-rgb_1600-1600_5e-05_0002, 30.8799991607666, , -, -, -,, -, -, -,, 11025.193548202515,, network, relaxation,, 1538,,,895,643
dnn_CIFAR100-rgb_1600-1600_5e-05_0003, 31.389999389648438, , 762, 762, 450,, 111, 111, 236,, 1515.3760640621185,, network, relaxation,, 1568,,,881,687
dnn_CIFAR100-rgb_1600-1600_5e-05_0004, 30.44999885559082, , -, -, -,, -, -, -,, 10861.518695354462,, network, relaxation,, 1617,,,911,706
dnn_CIFAR100-rgb_1600-1600_5e-05_0005, 30.559999465942383, , 751, 751, 471,, 99, 99, 211,, 5379.0385529994965,, network, relaxation,, 1549,,,859,690
dnn_CIFAR100-rgb_1600-1600_7.500000000000001e-05_0001, 28.709999084472656, , -, -, -,, -, -, -,, 11192.120828390121,, network, relaxation,, 2429,,,1407,1022
dnn_CIFAR100-rgb_1600-1600_7.500000000000001e-05_0002, 28.68000030517578, , 954, 954, 529,, 481, 481, 446,, 347.5181128978729,, network, relaxation,, 2415,,,1438,977
dnn_CIFAR100-rgb_1600-1600_7.500000000000001e-05_0003, 28.78999900817871, , -, -, -,, -, -, -,, 11971.514727830887,, network, relaxation,, 2436,,,1358,1078
dnn_CIFAR100-rgb_1600-1600_7.500000000000001e-05_0004, 28.799999237060547, , 942, 942, 538,, 476, 476, 463,, 895.6150205135345,, network, relaxation,, 2427,,,1426,1001
dnn_CIFAR100-rgb_1600-1600_7.500000000000001e-05_0005, 28.51999855041504, , -, -, -,, -, -, -,, 12047.204398155212,, network, relaxation,, 2446,,,1420,1026
dnn_CIFAR100-rgb_1600-1600_0.0001_0001, 26.93000030517578, , 940, 940, 592,, 616, 616, 600,, 912.8816442489624,, network, relaxation,, 2754,,,1561,1193
dnn_CIFAR100-rgb_1600-1600_0.0001_0002, 27.170000076293945, , 948, 948, 584,, 605, 605, 605,, 1282.3003504276276,, network, relaxation,, 2747,,,1557,1190
dnn_CIFAR100-rgb_1600-1600_0.0001_0003, 27.559999465942383, , 967, 967, 563,, 619, 619, 604,, 241.34545016288757,, network, relaxation,, 2757,,,1587,1170
dnn_CIFAR100-rgb_1600-1600_0.0001_0004, 27.510000228881836, , 955, 955, 583,, 626, 626, 550,, 336.57605361938477,, network, relaxation,, 2716,,,1582,1134
dnn_CIFAR100-rgb_1600-1600_0.0001_0005, 27.099998474121094, , 935, 935, 605,, 630, 630, 570,, 455.53173422813416,, network, relaxation,, 2747,,,1569,1178
dnn_CIFAR100-rgb_1600-1600_0.000125_0001, 26.19999885559082, , 945, 945, 616,, 711, 711, 600,, 350.69288635253906,, network, relaxation,, 2877,,,1660,1217
dnn_CIFAR100-rgb_1600-1600_0.000125_0002, 26.3799991607666, , 947, 947, 610,, 709, 709, 646,, 232.17959070205688,, network, relaxation,, 2913,,,1656,1257
dnn_CIFAR100-rgb_1600-1600_0.000125_0003, 26.099998474121094, , 940, 940, 614,, 728, 728, 605,, 311.1948719024658,, network, relaxation,, 2892,,,1671,1221
dnn_CIFAR100-rgb_1600-1600_0.000125_0004, 26.31999969482422, , 969, 969, 586,, 705, 705, 632,, 313.8366870880127,, network, relaxation,, 2896,,,1676,1220
dnn_CIFAR100-rgb_1600-1600_0.000125_0005, 26.559999465942383, , 1008, 1008, 553,, 701, 701, 621,, 261.8863277435303,, network, relaxation,, 2886,,,1710,1176
dnn_CIFAR100-rgb_1600-1600_0.00015000000000000001_0001, 24.739999771118164, , 951, 951, 615,, 716, 716, 696,, 242.14089369773865,, network, relaxation,, 2979,,,1667,1312
dnn_CIFAR100-rgb_1600-1600_0.00015000000000000001_0002, 24.09000015258789, , 956, 956, 612,, 733, 733, 672,, 365.13440918922424,, network, relaxation,, 2977,,,1692,1285
dnn_CIFAR100-rgb_1600-1600_0.00015000000000000001_0003, 25.09000015258789, , 926, 926, 640,, 744, 744, 678,, 343.8265256881714,, network, relaxation,, 2993,,,1671,1322
dnn_CIFAR100-rgb_1600-1600_0.00015000000000000001_0004, 24.779998779296875, , 974, 974, 594,, 753, 753, 664,, 270.69865131378174,, network, relaxation,, 2990,,,1730,1260
dnn_CIFAR100-rgb_1600-1600_0.00015000000000000001_0005, 24.799999237060547, , 945, 945, 619,, 771, 771, 653,, 242.66466641426086,, network, relaxation,, 2992,,,1719,1273
dnn_CIFAR100-rgb_1600-1600_0.000175_0001, 24.0, , 948, 948, 621,, 795, 795, 668,, 306.3500108718872,, network, relaxation,, 3035,,,1746,1289
dnn_CIFAR100-rgb_1600-1600_0.000175_0002, 23.689998626708984, , 957, 957, 615,, 729, 729, 712,, 232.93626046180725,, network, relaxation,, 3018,,,1689,1329
dnn_CIFAR100-rgb_1600-1600_0.000175_0003, 23.799999237060547, , 954, 954, 621,, 798, 798, 653,, 352.56015729904175,, network, relaxation,, 3028,,,1752,1276
dnn_CIFAR100-rgb_1600-1600_0.000175_0004, 23.689998626708984, , 940, 940, 629,, 816, 816, 640,, 229.91680192947388,, network, relaxation,, 3029,,,1760,1269
dnn_CIFAR100-rgb_1600-1600_0.000175_0005, 23.8799991607666, , 944, 944, 627,, 804, 804, 650,, 222.68071699142456,, network, relaxation,, 3031,,,1749,1282
dnn_CIFAR100-rgb_1600-1600_0.0002_0001, 22.670000076293945, , 942, 942, 638,, 815, 815, 675,, 223.2397027015686,, network, relaxation,, 3072,,,1759,1313
dnn_CIFAR100-rgb_1600-1600_0.0002_0002, 23.34000015258789, , 938, 938, 637,, 811, 811, 672,, 258.89448261260986,, network, relaxation,, 3062,,,1751,1311
dnn_CIFAR100-rgb_1600-1600_0.0002_0003, 22.939998626708984, , 914, 914, 662,, 798, 798, 683,, 221.008859872818,, network, relaxation,, 3062,,,1714,1348
dnn_CIFAR100-rgb_1600-1600_0.0002_0004, 22.709999084472656, , 918, 918, 656,, 800, 800, 685,, 237.16164445877075,, network, relaxation,, 3064,,,1720,1344
dnn_CIFAR100-rgb_1600-1600_0.0002_0005, 23.489999771118164, , 915, 915, 659,, 798, 798, 695,, 223.24156951904297,, network, relaxation,, 3069,,,1713,1356
