dnn_MNIST_100-100_0.0_0001, 97.8699951171875, , 0, 0, 0,, 0, 0, 0,, 3.9203250408172607,, network, relaxation,, 0,,
dnn_MNIST_100-100_0.0_0002
dnn_MNIST_100-100_0.0_0003, 97.81999969482422, , 0, 0, 0,, 0, 0, 0,, 3.140320301055908,, network, relaxation,, 0,,
dnn_MNIST_100-100_0.0_0004, 97.87999725341797, , 0, 0, 0,, 0, 0, 0,, 3.2834160327911377,, network, relaxation,, 0,,
dnn_MNIST_100-100_0.0_0005, 97.98999786376953, , 0, 0, 0,, 0, 0, 0,, 3.2039341926574707,, network, relaxation,, 0,,
dnn_MNIST_100-100_2.5e-05_0001, 97.91999816894531, , 0, 0, 0,, 0, 0, 0,, 3.167846202850342,, network, relaxation,, 0,,
dnn_MNIST_100-100_2.5e-05_0002, 97.93999481201172, , 0, 0, 0,, 0, 0, 0,, 3.0965871810913086,, network, relaxation,, 0,,
dnn_MNIST_100-100_2.5e-05_0003, 97.97000122070312, , 0, 0, 0,, 0, 0, 0,, 3.1409897804260254,, network, relaxation,, 0,,
dnn_MNIST_100-100_2.5e-05_0004, 97.91999816894531, , 0, 0, 0,, 0, 0, 0,, 3.3416953086853027,, network, relaxation,, 0,,
dnn_MNIST_100-100_2.5e-05_0005, 97.91999816894531, , 0, 0, 0,, 0, 0, 0,, 3.0931742191314697,, network, relaxation,, 0,,
dnn_MNIST_100-100_5e-05_0001
dnn_MNIST_100-100_5e-05_0002, 98.04000091552734, , 0, 0, 0,, 0, 0, 0,, 3.1204051971435547,, network, relaxation,, 0,,
dnn_MNIST_100-100_5e-05_0003, 97.93000030517578, , 0, 0, 0,, 0, 0, 0,, 3.8325035572052,, network, relaxation,, 2,,
dnn_MNIST_100-100_5e-05_0004
dnn_MNIST_100-100_5e-05_0005
dnn_MNIST_100-100_7.500000000000001e-05_0001, 98.04000091552734, , 4, 4, 3,, 0, 0, 0,, 3.298201322555542,, network, relaxation,, 8,,
dnn_MNIST_100-100_7.500000000000001e-05_0002, 98.04000091552734, , 3, 3, 1,, 0, 0, 1,, 3.113776683807373,, network, relaxation,, 5,,
dnn_MNIST_100-100_7.500000000000001e-05_0003, 98.18999481201172, , 3, 3, 2,, 0, 0, 0,, 3.4918525218963623,, network, relaxation,, 5,,
dnn_MNIST_100-100_7.500000000000001e-05_0004, 98.12999725341797, , 2, 2, 3,, 0, 0, 0,, 3.211226463317871,, network, relaxation,, 5,,
dnn_MNIST_100-100_7.500000000000001e-05_0005
dnn_MNIST_100-100_0.0001_0001, 98.19999694824219, , 8, 8, 6,, 0, 0, 2,, 3.442638397216797,, network, relaxation,, 19,,
dnn_MNIST_100-100_0.0001_0002, 98.0999984741211, , 10, 10, 2,, 0, 0, 3,, 3.402191162109375,, network, relaxation,, 16,,
dnn_MNIST_100-100_0.0001_0003, 98.1500015258789, , 7, 7, 7,, 0, 0, 1,, 3.5746030807495117,, network, relaxation,, 16,,
dnn_MNIST_100-100_0.0001_0004, 98.18000030517578, , 6, 6, 6,, 1, 1, 0,, 3.345322370529175,, network, relaxation,, 13,,
dnn_MNIST_100-100_0.0001_0005, 97.97000122070312, , 7, 7, 5,, 1, 1, 2,, 3.6547186374664307,, network, relaxation,, 16,,
dnn_MNIST_100-100_0.000125_0001, 98.04999542236328, , 14, 14, 14,, 6, 6, 3,, 3.780555009841919,, network, relaxation,, 38,,
dnn_MNIST_100-100_0.000125_0002, 97.8699951171875, , 10, 10, 16,, 5, 5, 2,, 3.2100882530212402,, network, relaxation,, 33,,
dnn_MNIST_100-100_0.000125_0003, 97.95999908447266, , 13, 13, 14,, 3, 3, 5,, 3.290886402130127,, network, relaxation,, 35,,
dnn_MNIST_100-100_0.000125_0004, 98.08999633789062, , 15, 15, 10,, 2, 2, 8,, 3.394068717956543,, network, relaxation,, 37,,
dnn_MNIST_100-100_0.000125_0005, 98.07999420166016, , 17, 17, 12,, 5, 5, 8,, 3.7368412017822266,, network, relaxation,, 45,,
dnn_MNIST_100-100_0.00015000000000000001_0001, 98.02999877929688, , 15, 15, 14,, 16, 16, 8,, 3.1303868293762207,, network, relaxation,, 53,,
dnn_MNIST_100-100_0.00015000000000000001_0002, 97.98999786376953, , 22, 22, 14,, 14, 14, 10,, 3.518376350402832,, network, relaxation,, 61,,
dnn_MNIST_100-100_0.00015000000000000001_0003, 98.04000091552734, , 16, 16, 14,, 7, 7, 11,, 3.752319812774658,, network, relaxation,, 51,,
dnn_MNIST_100-100_0.00015000000000000001_0004, 97.83999633789062, , 22, 22, 8,, 9, 9, 9,, 3.2044003009796143,, network, relaxation,, 48,,
dnn_MNIST_100-100_0.00015000000000000001_0005, 97.72999572753906, , 17, 17, 21,, 11, 11, 8,, 3.361445903778076,, network, relaxation,, 58,,
dnn_MNIST_100-100_0.000175_0001, 97.94999694824219, , 15, 15, 26,, 22, 22, 10,, 3.2133727073669434,, network, relaxation,, 73,,
dnn_MNIST_100-100_0.000175_0002, 97.9000015258789, , 24, 24, 19,, 23, 23, 13,, 3.178046226501465,, network, relaxation,, 79,,
dnn_MNIST_100-100_0.000175_0003, 97.87999725341797, , 26, 26, 13,, 21, 21, 10,, 3.8668529987335205,, network, relaxation,, 73,,
dnn_MNIST_100-100_0.000175_0004, 97.81999969482422, , 17, 17, 27,, 23, 23, 5,, 3.3347043991088867,, network, relaxation,, 73,,
dnn_MNIST_100-100_0.000175_0005, 97.83999633789062, , 22, 22, 18,, 18, 18, 8,, 3.5616562366485596,, network, relaxation,, 67,,
dnn_MNIST_100-100_0.0002_0001, 97.95999908447266, , 19, 19, 26,, 29, 29, 12,, 4.223473787307739,, network, relaxation,, 88,,
dnn_MNIST_100-100_0.0002_0002, 97.80999755859375, , 25, 25, 24,, 24, 24, 13,, 3.6792595386505127,, network, relaxation,, 88,,
dnn_MNIST_100-100_0.0002_0003, 97.88999938964844, , 28, 28, 20,, 22, 22, 14,, 3.4242053031921387,, network, relaxation,, 86,,
dnn_MNIST_100-100_0.0002_0004, 97.83999633789062, , 27, 27, 22,, 29, 29, 8,, 3.2672996520996094,, network, relaxation,, 88,,
dnn_MNIST_100-100_0.0002_0005, 98.04999542236328, , 24, 24, 26,, 30, 30, 14,, 3.1139450073242188,, network, relaxation,, 94,,
dnn_MNIST_100-100_0.00022500000000000002_0001, 97.81999969482422, , 30, 30, 19,, 30, 30, 11,, 3.6449460983276367,, network, relaxation,, 93,,
dnn_MNIST_100-100_0.00022500000000000002_0002, 97.66999816894531, , 28, 28, 25,, 30, 30, 12,, 3.652068614959717,, network, relaxation,, 96,,
dnn_MNIST_100-100_0.00022500000000000002_0003, 97.93000030517578, , 25, 25, 20,, 39, 39, 14,, 5.683009147644043,, network, relaxation,, 100,,
dnn_MNIST_100-100_0.00022500000000000002_0004, 97.86000061035156, , 24, 24, 34,, 30, 30, 12,, 3.9751510620117188,, network, relaxation,, 101,,
dnn_MNIST_100-100_0.00022500000000000002_0005, 97.6500015258789, , 32, 32, 25,, 30, 30, 9,, 3.9116456508636475,, network, relaxation,, 97,,
dnn_MNIST_100-100_0.00025_0001, 97.63999938964844, , 31, 31, 27,, 33, 33, 13,, 3.305401563644409,, network, relaxation,, 104,,
dnn_MNIST_100-100_0.00025_0002, 97.54999542236328, , 28, 28, 30,, 46, 46, 9,, 4.071289300918579,, network, relaxation,, 115,,
dnn_MNIST_100-100_0.00025_0003, 97.79000091552734, , 28, 28, 26,, 39, 39, 13,, 4.817598104476929,, network, relaxation,, 109,,
dnn_MNIST_100-100_0.00025_0004, 97.61000061035156, , 24, 24, 29,, 29, 29, 16,, 4.1920764446258545,, network, relaxation,, 99,,
dnn_MNIST_100-100_0.00025_0005, 97.68000030517578, , 33, 33, 23,, 45, 45, 9,, 3.8567888736724854,, network, relaxation,, 112,,
dnn_MNIST_100-100_0.000275_0001, 97.6199951171875, , 25, 25, 34,, 38, 38, 13,, 3.5658297538757324,, network, relaxation,, 112,,
dnn_MNIST_100-100_0.000275_0002, 97.75999450683594, , 38, 38, 25,, 28, 28, 15,, 6.715427398681641,, network, relaxation,, 110,,
dnn_MNIST_100-100_0.000275_0003, 97.79999542236328, , 26, 26, 34,, 39, 39, 13,, 3.7143051624298096,, network, relaxation,, 114,,
dnn_MNIST_100-100_0.000275_0004, 97.57999420166016, , 26, 26, 31,, 42, 42, 10,, 3.2030651569366455,, network, relaxation,, 109,,
dnn_MNIST_100-100_0.000275_0005, 97.69999694824219, , 30, 30, 29,, 35, 35, 19,, 3.7250914573669434,, network, relaxation,, 113,,
dnn_MNIST_100-100_0.00030000000000000003_0001, 97.54999542236328, , 30, 30, 29,, 45, 45, 20,, 3.5822954177856445,, network, relaxation,, 128,,
dnn_MNIST_100-100_0.00030000000000000003_0002, 97.66999816894531, , 26, 26, 31,, 46, 46, 15,, 3.9243340492248535,, network, relaxation,, 122,,
dnn_MNIST_100-100_0.00030000000000000003_0003, 97.6500015258789, , 27, 27, 28,, 48, 48, 13,, 3.2336556911468506,, network, relaxation,, 116,,
dnn_MNIST_100-100_0.00030000000000000003_0004, 97.61000061035156, , 27, 27, 31,, 37, 37, 18,, 4.080754518508911,, network, relaxation,, 116,,
dnn_MNIST_100-100_0.00030000000000000003_0005, 97.69999694824219, , 22, 22, 36,, 44, 44, 18,, 4.308569669723511,, network, relaxation,, 123,,
dnn_MNIST_100-100_0.00032500000000000004_0001, 97.50999450683594, , 38, 38, 26,, 38, 38, 18,, 3.628983974456787,, network, relaxation,, 121,,
dnn_MNIST_100-100_0.00032500000000000004_0002, 97.6500015258789, , 32, 32, 31,, 54, 54, 14,, 3.1408748626708984,, network, relaxation,, 132,,
dnn_MNIST_100-100_0.00032500000000000004_0003, 97.5, , 39, 39, 25,, 43, 43, 20,, 4.006324291229248,, network, relaxation,, 129,,
dnn_MNIST_100-100_0.00032500000000000004_0004, 97.45999908447266, , 28, 28, 36,, 29, 29, 21,, 3.2851641178131104,, network, relaxation,, 114,,
dnn_MNIST_100-100_0.00032500000000000004_0005, 97.47999572753906, , 37, 37, 28,, 39, 39, 22,, 3.492399215698242,, network, relaxation,, 127,,
dnn_MNIST_100-100_0.00035_0001, 97.44999694824219, , 31, 31, 30,, 46, 46, 20,, 3.413518190383911,, network, relaxation,, 130,,
dnn_MNIST_100-100_0.00035_0002, 97.36000061035156, , 31, 31, 34,, 49, 49, 14,, 3.702493906021118,, network, relaxation,, 130,,
dnn_MNIST_100-100_0.00035_0003, 97.40999603271484, , 40, 40, 28,, 43, 43, 18,, 3.062976598739624,, network, relaxation,, 129,,
dnn_MNIST_100-100_0.00035_0004, 97.43000030517578, , 32, 32, 30,, 44, 44, 22,, 3.9463703632354736,, network, relaxation,, 129,,
dnn_MNIST_100-100_0.00035_0005, 97.45999908447266, , 39, 39, 25,, 50, 50, 13,, 6.4817962646484375,, network, relaxation,, 131,,
dnn_MNIST_100-100_0.000375_0001, 97.38999938964844, , 34, 34, 31,, 45, 45, 19,, 3.226963996887207,, network, relaxation,, 129,,
dnn_MNIST_100-100_0.000375_0002, 97.44999694824219, , 41, 41, 27,, 43, 43, 16,, 3.263282537460327,, network, relaxation,, 128,,
dnn_MNIST_100-100_0.000375_0003, 97.1199951171875, , 39, 39, 25,, 41, 41, 17,, 3.7047603130340576,, network, relaxation,, 124,,
dnn_MNIST_100-100_0.000375_0004, 97.04999542236328, , 30, 30, 38,, 46, 46, 19,, 3.070488691329956,, network, relaxation,, 133,,
dnn_MNIST_100-100_0.000375_0005, 97.40999603271484, , 36, 36, 27,, 57, 57, 17,, 3.649015426635742,, network, relaxation,, 138,,
dnn_MNIST_100-100_0.0004_0001, 97.30999755859375, , 37, 37, 31,, 52, 52, 13,, 3.505641222000122,, network, relaxation,, 134,,
dnn_MNIST_100-100_0.0004_0002, 97.30999755859375, , 37, 37, 33,, 52, 52, 13,, 3.7266104221343994,, network, relaxation,, 136,,
dnn_MNIST_100-100_0.0004_0003, 97.25999450683594, , 37, 37, 29,, 53, 53, 18,, 5.201125383377075,, network, relaxation,, 142,,
dnn_MNIST_100-100_0.0004_0004, 97.25, , 40, 40, 25,, 46, 46, 15,, 4.005114555358887,, network, relaxation,, 128,,
dnn_MNIST_100-100_0.0004_0005, 97.2699966430664, , 41, 41, 30,, 49, 49, 19,, 3.9460361003875732,, network, relaxation,, 141,,
dnn_MNIST_200-200_0.0_0001, 98.06999969482422, , 0, 0, 0,, 0, 0, 0,, 6.909670352935791,, network, relaxation,, 0,,
dnn_MNIST_200-200_0.0_0002, 98.00999450683594, , 0, 0, 0,, 0, 0, 0,, 6.447259902954102,, network, relaxation,, 0,,
dnn_MNIST_200-200_0.0_0003, 97.94999694824219, , 0, 0, 0,, 0, 0, 0,, 6.408483028411865,, network, relaxation,, 0,,
dnn_MNIST_200-200_0.0_0004
dnn_MNIST_200-200_0.0_0005, 98.06999969482422, , 0, 0, 0,, 0, 0, 0,, 6.6504106521606445,, network, relaxation,, 0,,
dnn_MNIST_200-200_2.5e-05_0001
dnn_MNIST_200-200_2.5e-05_0002
dnn_MNIST_200-200_2.5e-05_0003, 98.20999908447266, , 0, 0, 0,, 0, 0, 0,, 6.467962980270386,, network, relaxation,, 0,,
dnn_MNIST_200-200_2.5e-05_0004
dnn_MNIST_200-200_2.5e-05_0005, 98.1500015258789, , 0, 0, 0,, 0, 0, 0,, 6.455618619918823,, network, relaxation,, 0,,
dnn_MNIST_200-200_5e-05_0001
dnn_MNIST_200-200_5e-05_0002, 98.12999725341797, , 3, 3, 0,, 0, 0, 0,, 7.160499095916748,, network, relaxation,, 8,,
dnn_MNIST_200-200_5e-05_0003
dnn_MNIST_200-200_5e-05_0004, 98.16999816894531, , 0, 0, 0,, 0, 0, 0,, 6.544555902481079,, network, relaxation,, 3,,
dnn_MNIST_200-200_5e-05_0005, 98.07999420166016, , 1, 1, 0,, 0, 0, 0,, 7.3138062953948975,, network, relaxation,, 6,,
dnn_MNIST_200-200_7.500000000000001e-05_0001, 98.07999420166016, , 33, 33, 10,, 0, 0, 1,, 7.140730381011963,, network, relaxation,, 46,,
dnn_MNIST_200-200_7.500000000000001e-05_0002, 98.15999603271484, , 29, 29, 8,, 0, 0, 0,, 7.855927228927612,, network, relaxation,, 38,,
dnn_MNIST_200-200_7.500000000000001e-05_0003, 98.31999969482422, , 24, 24, 11,, 0, 0, 1,, 8.4342520236969,, network, relaxation,, 38,,
dnn_MNIST_200-200_7.500000000000001e-05_0004, 98.19999694824219, , 25, 25, 13,, 0, 0, 1,, 27.405693531036377,, network, relaxation,, 43,,
dnn_MNIST_200-200_7.500000000000001e-05_0005, 98.12999725341797, , 29, 29, 16,, 0, 0, 3,, 7.393779039382935,, network, relaxation,, 52,,
dnn_MNIST_200-200_0.0001_0001, 98.13999938964844, , 46, 46, 31,, 25, 25, 8,, 7.494170904159546,, network, relaxation,, 111,,
dnn_MNIST_200-200_0.0001_0002, 98.22000122070312, , 51, 51, 30,, 21, 21, 12,, 8.93919825553894,, network, relaxation,, 116,,
dnn_MNIST_200-200_0.0001_0003, 98.05999755859375, , 53, 53, 32,, 24, 24, 8,, 8.770544290542603,, network, relaxation,, 122,,
dnn_MNIST_200-200_0.0001_0004, 98.12999725341797, , 53, 53, 32,, 23, 23, 19,, 9.420884847640991,, network, relaxation,, 128,,
dnn_MNIST_200-200_0.0001_0005, 98.22999572753906, , 50, 50, 31,, 16, 16, 10,, 9.132335901260376,, network, relaxation,, 111,,
dnn_MNIST_200-200_0.000125_0001, 98.06999969482422, , 67, 67, 42,, 54, 54, 16,, 7.149763584136963,, network, relaxation,, 182,,
dnn_MNIST_200-200_0.000125_0002, 97.98999786376953, , 69, 69, 44,, 52, 52, 18,, 6.390720844268799,, network, relaxation,, 183,,
dnn_MNIST_200-200_0.000125_0003, 98.23999786376953, , 61, 61, 41,, 57, 57, 18,, 18.426445484161377,, network, relaxation,, 181,,
dnn_MNIST_200-200_0.000125_0004, 98.12999725341797, , 71, 71, 37,, 48, 48, 9,, 7.766151428222656,, network, relaxation,, 170,,
dnn_MNIST_200-200_0.000125_0005, 98.04999542236328, , 56, 56, 48,, 49, 49, 18,, 29.37221646308899,, network, relaxation,, 177,,
dnn_MNIST_200-200_0.00015000000000000001_0001, 98.0, , 75, 75, 54,, 73, 73, 30,, 11.603684902191162,, network, relaxation,, 234,,
dnn_MNIST_200-200_0.00015000000000000001_0002, 97.97999572753906, , 80, 80, 48,, 73, 73, 20,, 7.480037689208984,, network, relaxation,, 226,,
dnn_MNIST_200-200_0.00015000000000000001_0003, 98.04000091552734, , 85, 85, 48,, 67, 67, 23,, 7.110491991043091,, network, relaxation,, 226,,
dnn_MNIST_200-200_0.00015000000000000001_0004, 98.00999450683594, , 79, 79, 42,, 81, 81, 21,, 13.34084153175354,, network, relaxation,, 227,,
dnn_MNIST_200-200_0.00015000000000000001_0005, 97.98999786376953, , 78, 78, 45,, 69, 69, 31,, 10.145673751831055,, network, relaxation,, 231,,
dnn_MNIST_200-200_0.000175_0001, 97.8499984741211, , 85, 85, 57,, 97, 97, 28,, 6.8124613761901855,, network, relaxation,, 269,,
dnn_MNIST_200-200_0.000175_0002, 97.83999633789062, , 94, 94, 49,, 86, 86, 23,, 11.739493131637573,, network, relaxation,, 256,,
dnn_MNIST_200-200_0.000175_0003, 97.81999969482422, , 90, 90, 54,, 83, 83, 34,, 8.686640501022339,, network, relaxation,, 267,,
dnn_MNIST_200-200_0.000175_0004, 98.06999969482422, , 85, 85, 50,, 85, 85, 27,, 7.267121076583862,, network, relaxation,, 251,,
dnn_MNIST_200-200_0.000175_0005, 98.06999969482422, , 91, 91, 47,, 86, 86, 27,, 8.032847881317139,, network, relaxation,, 253,,
dnn_MNIST_200-200_0.0002_0001, 98.04999542236328, , 88, 88, 59,, 105, 105, 24,, 7.530176877975464,, network, relaxation,, 278,,
dnn_MNIST_200-200_0.0002_0002, 97.93999481201172, , 90, 90, 55,, 88, 88, 32,, 7.683801651000977,, network, relaxation,, 267,,
dnn_MNIST_200-200_0.0002_0003, 97.82999420166016, , 87, 87, 58,, 87, 87, 26,, 7.3057780265808105,, network, relaxation,, 260,,
dnn_MNIST_200-200_0.0002_0004, 98.0, , 94, 94, 51,, 95, 95, 30,, 10.66237211227417,, network, relaxation,, 274,,
dnn_MNIST_200-200_0.0002_0005, 97.94999694824219, , 97, 97, 51,, 97, 97, 30,, 6.609813690185547,, network, relaxation,, 277,,
dnn_MNIST_400-400_0.0_0001, 98.25, , 0, 0, 0,, 0, 0, 0,, 15.026258707046509,, network, relaxation,, 0,,
dnn_MNIST_400-400_0.0_0002, 98.00999450683594, , 0, 0, 0,, 0, 0, 0,, 15.32785677909851,, network, relaxation,, 0,,
dnn_MNIST_400-400_0.0_0003, 98.22000122070312, , 0, 0, 0,, 0, 0, 0,, 14.737894058227539,, network, relaxation,, 0,,
dnn_MNIST_400-400_0.0_0004, 98.0999984741211, , 0, 0, 0,, 0, 0, 0,, 14.319713354110718,, network, relaxation,, 0,,
dnn_MNIST_400-400_0.0_0005, 98.04000091552734, , 0, 0, 0,, 0, 0, 0,, 14.555525779724121,, network, relaxation,, 0,,
dnn_MNIST_400-400_2.5e-05_0001, 98.31999969482422, , 0, 0, 0,, 0, 0, 0,, 14.915375232696533,, network, relaxation,, 0,,
dnn_MNIST_400-400_2.5e-05_0002, 98.33999633789062, , 0, 0, 0,, 0, 0, 0,, 14.103711366653442,, network, relaxation,, 0,,
dnn_MNIST_400-400_2.5e-05_0003, 98.1199951171875, , 0, 0, 0,, 0, 0, 0,, 15.192479372024536,, network, relaxation,, 0,,
dnn_MNIST_400-400_2.5e-05_0004, 98.2699966430664, , 0, 0, 0,, 0, 0, 0,, 14.326470851898193,, network, relaxation,, 0,,
dnn_MNIST_400-400_2.5e-05_0005, 98.18999481201172, , 0, 0, 0,, 0, 0, 0,, 13.95497465133667,, network, relaxation,, 0,,
dnn_MNIST_400-400_5e-05_0001
dnn_MNIST_400-400_5e-05_0002
dnn_MNIST_400-400_5e-05_0003
dnn_MNIST_400-400_5e-05_0004, 98.15999603271484, , 4, 4, 0,, 0, 0, 0,, 19.10262703895569,, network, relaxation,, 12,,
dnn_MNIST_400-400_5e-05_0005, 98.31999969482422, , 6, 6, 0,, 0, 0, 0,, 20.395283460617065,, network, relaxation,, 15,,
dnn_MNIST_400-400_7.500000000000001e-05_0001, 98.12999725341797, , 129, 129, 48,, 76, 76, 23,, 97.51447534561157,, network, relaxation,, 285,,
dnn_MNIST_400-400_7.500000000000001e-05_0002, 98.25999450683594, , 141, 141, 41,, 62, 62, 23,, 295.27401471138,, network, relaxation,, 278,,
dnn_MNIST_400-400_7.500000000000001e-05_0003, 98.20999908447266, , 130, 130, 35,, 59, 59, 25,, 209.8840582370758,, network, relaxation,, 261,,
dnn_MNIST_400-400_7.500000000000001e-05_0004, 98.23999786376953, , 120, 120, 45,, 62, 62, 33,, 111.25379228591919,, network, relaxation,, 270,,
dnn_MNIST_400-400_7.500000000000001e-05_0005, 98.32999420166016, , 131, 131, 41,, 81, 81, 15,, 177.56746292114258,, network, relaxation,, 281,,
dnn_MNIST_400-400_0.0001_0001, 98.12999725341797, , 215, 215, 61,, 150, 150, 50,, 182.83588910102844,, network, relaxation,, 482,,
dnn_MNIST_400-400_0.0001_0002, 98.0999984741211, , 185, 185, 81,, 147, 147, 46,, 223.25801825523376,, network, relaxation,, 474,,
dnn_MNIST_400-400_0.0001_0003, 98.1199951171875, , 183, 183, 75,, 174, 174, 34,, 62.3481969833374,, network, relaxation,, 474,,
dnn_MNIST_400-400_0.0001_0004, 98.18000030517578, , 192, 192, 85,, 158, 158, 34,, 236.09414887428284,, network, relaxation,, 486,,
dnn_MNIST_400-400_0.0001_0005, 97.94999694824219, , 210, 210, 65,, 164, 164, 32,, 471.6022126674652,, network, relaxation,, 481,,
dnn_MNIST_400-400_0.000125_0001, 97.97000122070312, , 226, 226, 88,, 204, 204, 53,, 61.732138872146606,, network, relaxation,, 577,,
dnn_MNIST_400-400_0.000125_0002, 98.18000030517578, , 217, 217, 101,, 187, 187, 59,, 59.770506620407104,, network, relaxation,, 575,,
dnn_MNIST_400-400_0.000125_0003, 98.0199966430664, , 220, 220, 100,, 210, 210, 47,, 24.462092399597168,, network, relaxation,, 584,,
dnn_MNIST_400-400_0.000125_0004, 98.04999542236328, , 235, 235, 81,, 197, 197, 57,, 54.201313495635986,, network, relaxation,, 575,,
dnn_MNIST_400-400_0.000125_0005, 98.02999877929688, , 235, 235, 79,, 208, 208, 54,, 54.20322847366333,, network, relaxation,, 583,,
dnn_MNIST_400-400_0.00015000000000000001_0001, 98.06999969482422, , 250, 250, 82,, 229, 229, 53,, 23.23464822769165,, network, relaxation,, 620,,
dnn_MNIST_400-400_0.00015000000000000001_0002, 98.05999755859375, , 239, 239, 87,, 213, 213, 61,, 19.204729557037354,, network, relaxation,, 605,,
dnn_MNIST_400-400_0.00015000000000000001_0003, 98.0199966430664, , 251, 251, 82,, 212, 212, 69,, 33.26225256919861,, network, relaxation,, 620,,
dnn_MNIST_400-400_0.00015000000000000001_0004, 98.05999755859375, , 247, 247, 86,, 233, 233, 60,, 24.341217517852783,, network, relaxation,, 630,,
dnn_MNIST_400-400_0.00015000000000000001_0005, 97.95999908447266, , 232, 232, 103,, 213, 213, 73,, 43.224169969558716,, network, relaxation,, 630,,
dnn_MNIST_400-400_0.000175_0001, 97.95999908447266, , 258, 258, 80,, 238, 238, 64,, 18.668875217437744,, network, relaxation,, 643,,
dnn_MNIST_400-400_0.000175_0002, 97.86000061035156, , 254, 254, 89,, 248, 248, 61,, 17.958187580108643,, network, relaxation,, 655,,
dnn_MNIST_400-400_0.000175_0003, 98.00999450683594, , 270, 270, 77,, 234, 234, 57,, 242.2803692817688,, network, relaxation,, 643,,
dnn_MNIST_400-400_0.000175_0004, 97.69999694824219, , 266, 266, 81,, 245, 245, 63,, 14.614670991897583,, network, relaxation,, 658,,
dnn_MNIST_400-400_0.000175_0005, 98.0199966430664, , 263, 263, 81,, 262, 262, 55,, 22.823211193084717,, network, relaxation,, 663,,
dnn_MNIST_400-400_0.0002_0001, 97.87999725341797, , 261, 261, 91,, 258, 258, 67,, 1479.2335286140442,, network, relaxation,, 686,,
dnn_MNIST_400-400_0.0002_0002, 97.9000015258789, , 273, 273, 77,, 270, 270, 61,, 28.47222924232483,, network, relaxation,, 689,,
dnn_MNIST_400-400_0.0002_0003, 97.87999725341797, , 276, 276, 79,, 262, 262, 62,, 15.448843955993652,, network, relaxation,, 682,,
dnn_MNIST_400-400_0.0002_0004, 97.97999572753906, , 276, 276, 77,, 272, 272, 62,, 2255.8538179397583,, network, relaxation,, 687,,
dnn_MNIST_400-400_0.0002_0005, 97.70999908447266, , 269, 269, 75,, 227, 227, 85,, 15.369629621505737,, network, relaxation,, 661,,
dnn_MNIST_800-800_0.0_0001, 98.16999816894531, , 0, 0, 0,, 0, 0, 0,, 37.52043294906616,, network, relaxation,, 0,,
dnn_MNIST_800-800_0.0_0002, 98.18999481201172, , 0, 0, 0,, 0, 0, 0,, 37.27799892425537,, network, relaxation,, 0,,
dnn_MNIST_800-800_0.0_0003, 98.15999603271484, , 0, 0, 0,, 0, 0, 0,, 37.49237561225891,, network, relaxation,, 0,,
dnn_MNIST_800-800_0.0_0004, 98.23999786376953, , 0, 0, 0,, 0, 0, 0,, 37.646658420562744,, network, relaxation,, 0,,
dnn_MNIST_800-800_0.0_0005, 98.27999877929688, , 0, 0, 0,, 0, 0, 0,, 37.96912407875061,, network, relaxation,, 0,,
dnn_MNIST_800-800_2.5e-05_0001, 98.19999694824219, , 0, 0, 0,, 0, 0, 0,, 38.27842450141907,, network, relaxation,, 0,,
dnn_MNIST_800-800_2.5e-05_0002, 98.32999420166016, , 0, 0, 0,, 0, 0, 0,, 37.946271657943726,, network, relaxation,, 0,,
dnn_MNIST_800-800_2.5e-05_0003, 98.23999786376953, , 0, 0, 0,, 0, 0, 0,, 38.761712312698364,, network, relaxation,, 0,,
dnn_MNIST_800-800_2.5e-05_0004, 98.27999877929688, , 0, 0, 0,, 0, 0, 0,, 37.71897768974304,, network, relaxation,, 0,,
dnn_MNIST_800-800_2.5e-05_0005, 98.2699966430664, , 0, 0, 0,, 0, 0, 0,, 38.39862012863159,, network, relaxation,, 0,,
dnn_MNIST_800-800_5e-05_0001, 98.18000030517578, , -, -, -,, -, -, -,, 10809.156645774841,, network, relaxation,, 113,,
dnn_MNIST_800-800_5e-05_0002, 98.32999420166016, , -, -, -,, -, -, -,, 10805.603045463562,, network, relaxation,, 122,,
dnn_MNIST_800-800_5e-05_0003, 98.23999786376953, , -, -, -,, -, -, -,, 10800.521764278412,, network, relaxation,, 112,,
dnn_MNIST_800-800_5e-05_0004, 98.31999969482422, , -, -, -,, -, -, -,, 10815.731776475906,, network, relaxation,, 118,,
dnn_MNIST_800-800_5e-05_0005, 98.3699951171875, , -, -, -,, -, -, -,, 10808.127322435379,, network, relaxation,, 127,,
dnn_MNIST_800-800_7.500000000000001e-05_0001, 98.22000122070312, , 448, 448, 97,, 392, 392, 80,, 447.30633187294006,, network, relaxation,, 1031,,
dnn_MNIST_800-800_7.500000000000001e-05_0002, 98.27999877929688, , 442, 442, 117,, 377, 377, 87,, 444.9087040424347,, network, relaxation,, 1039,,
dnn_MNIST_800-800_7.500000000000001e-05_0003, 98.22999572753906, , 416, 416, 115,, 383, 383, 84,, 1986.1935682296753,, network, relaxation,, 1024,,
dnn_MNIST_800-800_7.500000000000001e-05_0004, 98.22000122070312, , 433, 433, 113,, 378, 378, 82,, 2106.149595975876,, network, relaxation,, 1028,,
dnn_MNIST_800-800_7.500000000000001e-05_0005, 98.19999694824219, , 429, 429, 95,, 359, 359, 92,, 1418.828871011734,, network, relaxation,, 1000,,
dnn_MNIST_800-800_0.0001_0001, 98.16999816894531, , 563, 563, 134,, 485, 485, 108,, 191.45516157150269,, network, relaxation,, 1300,,
dnn_MNIST_800-800_0.0001_0002, 98.1199951171875, , 557, 557, 139,, 473, 473, 107,, 289.13840103149414,, network, relaxation,, 1290,,
dnn_MNIST_800-800_0.0001_0003, 98.02999877929688, , 550, 550, 151,, 462, 462, 127,, 2569.4630048274994,, network, relaxation,, 1303,,
dnn_MNIST_800-800_0.0001_0004, 97.86000061035156, , 544, 544, 146,, 468, 468, 110,, 293.5828289985657,, network, relaxation,, 1279,,
dnn_MNIST_800-800_0.0001_0005, 97.91999816894531, , 553, 553, 135,, 474, 474, 116,, 159.53225374221802,, network, relaxation,, 1286,,
dnn_MNIST_800-800_0.000125_0001, 98.00999450683594, , 589, 589, 144,, 510, 510, 134,, 41.27693319320679,, network, relaxation,, 1381,,
dnn_MNIST_800-800_0.000125_0002, 97.93000030517578, , 584, 584, 150,, 505, 505, 131,, 43.35277056694031,, network, relaxation,, 1374,,
dnn_MNIST_800-800_0.000125_0003, 97.94999694824219, , 578, 578, 148,, 530, 530, 116,, 42.60039281845093,, network, relaxation,, 1380,,
dnn_MNIST_800-800_0.000125_0004, 98.04999542236328, , 582, 582, 142,, 512, 512, 134,, 79.45266437530518,, network, relaxation,, 1376,,
dnn_MNIST_800-800_0.000125_0005, 98.11000061035156, , 581, 581, 140,, 524, 524, 108,, 334.36821269989014,, network, relaxation,, 1369,,
dnn_MNIST_800-800_0.00015000000000000001_0001, 98.11000061035156, , 610, 610, 132,, 533, 533, 152,, 67.34030175209045,, network, relaxation,, 1435,,
dnn_MNIST_800-800_0.00015000000000000001_0002, 98.13999938964844, , 601, 601, 134,, 570, 570, 129,, 95.53079915046692,, network, relaxation,, 1439,,
dnn_MNIST_800-800_0.00015000000000000001_0003, 97.98999786376953, , 594, 594, 147,, 547, 547, 141,, 139.46690130233765,, network, relaxation,, 1439,,
dnn_MNIST_800-800_0.00015000000000000001_0004, 98.08999633789062, , 613, 613, 132,, 526, 526, 143,, 50.01910066604614,, network, relaxation,, 1418,,
dnn_MNIST_800-800_0.00015000000000000001_0005, 98.02999877929688, , 601, 601, 136,, 544, 544, 135,, 73.72831630706787,, network, relaxation,, 1425,,
dnn_MNIST_800-800_0.000175_0001, 97.81999969482422, , 626, 626, 126,, 563, 563, 150,, 37.678049087524414,, network, relaxation,, 1466,,
dnn_MNIST_800-800_0.000175_0002, 97.94999694824219, , 610, 610, 137,, 590, 590, 132,, 42.58062767982483,, network, relaxation,, 1474,,
dnn_MNIST_800-800_0.000175_0003, 98.0, , 613, 613, 134,, 609, 609, 109,, 70.85487127304077,, network, relaxation,, 1468,,
dnn_MNIST_800-800_0.000175_0004, 97.88999938964844, , 630, 630, 121,, 567, 567, 134,, 67.34338569641113,, network, relaxation,, 1456,,
dnn_MNIST_800-800_0.000175_0005, 97.88999938964844, , 611, 611, 137,, 577, 577, 139,, 43.44184732437134,, network, relaxation,, 1468,,
dnn_MNIST_800-800_0.0002_0001, 97.68000030517578, , 624, 624, 122,, 589, 589, 141,, 47.94598364830017,, network, relaxation,, 1479,,
dnn_MNIST_800-800_0.0002_0002, 97.82999420166016, , 631, 631, 125,, 561, 561, 161,, 48.79804611206055,, network, relaxation,, 1480,,
dnn_MNIST_800-800_0.0002_0003, 97.7699966430664, , 615, 615, 142,, 614, 614, 118,, 83.84615278244019,, network, relaxation,, 1498,,
dnn_MNIST_800-800_0.0002_0004, 97.79000091552734, , 616, 616, 142,, 593, 593, 123,, 105.08644604682922,, network, relaxation,, 1480,,
dnn_MNIST_800-800_0.0002_0005, 97.83999633789062, , 624, 624, 131,, 583, 583, 134,, 92.60854530334473,, network, relaxation,, 1479,,
dnn_MNIST_100-100-100_0.0_0001, 97.82999420166016, , 0, 0, 0,, 0, 0, 0,, 0, 0, 0,, 3.8678154945373535,, network, relaxation,, 0,,
dnn_MNIST_100-100-100_0.0_0002, 97.93000030517578, , 0, 0, 0,, 0, 0, 0,, 0, 0, 0,, 4.10929536819458,, network, relaxation,, 0,,
dnn_MNIST_100-100-100_0.0_0003, 97.88999938964844, , 0, 0, 0,, 0, 0, 0,, 0, 0, 0,, 3.8200178146362305,, network, relaxation,, 0,,
dnn_MNIST_100-100-100_0.0_0004, 97.7699966430664, , 0, 0, 0,, 0, 0, 0,, 0, 0, 0,, 3.760387897491455,, network, relaxation,, 0,,
dnn_MNIST_100-100-100_0.0_0005, 97.88999938964844, , 0, 0, 0,, 0, 0, 0,, 0, 0, 0,, 3.833921432495117,, network, relaxation,, 0,,
dnn_MNIST_100-100-100_2.5e-05_0001, 98.07999420166016, , 0, 0, 0,, 0, 0, 0,, 0, 0, 0,, 3.5302011966705322,, network, relaxation,, 0,,
dnn_MNIST_100-100-100_2.5e-05_0002
dnn_MNIST_100-100-100_2.5e-05_0003, 98.1199951171875, , 0, 0, 0,, 0, 0, 0,, 0, 0, 0,, 3.4746899604797363,, network, relaxation,, 0,,
dnn_MNIST_100-100-100_2.5e-05_0004
dnn_MNIST_100-100-100_2.5e-05_0005
dnn_MNIST_100-100-100_5e-05_0001
dnn_MNIST_100-100-100_5e-05_0002
dnn_MNIST_100-100-100_5e-05_0003, 98.04999542236328, , 0, 0, 2,, 0, 0, 0,, 0, 0, 0,, 34.096171140670776,, network, relaxation,, 5,,
dnn_MNIST_100-100-100_5e-05_0004, 98.20999908447266, , 0, 0, 0,, 0, 0, 0,, 0, 0, 0,, 21.083239316940308,, network, relaxation,, 2,,
dnn_MNIST_100-100-100_5e-05_0005
dnn_MNIST_100-100-100_7.500000000000001e-05_0001, 98.04999542236328, , 3, 3, 2,, 0, 0, 0,, 0, 0, 0,, 42.593377113342285,, network, relaxation,, 6,,
dnn_MNIST_100-100-100_7.500000000000001e-05_0002, 98.22000122070312, , 0, 0, 6,, 0, 0, 0,, 0, 0, 0,, 3.534411907196045,, network, relaxation,, 6,,
dnn_MNIST_100-100-100_7.500000000000001e-05_0003
dnn_MNIST_100-100-100_7.500000000000001e-05_0004, 98.06999969482422, , 0, 0, 3,, 0, 0, 0,, 0, 0, 0,, 49.90246248245239,, network, relaxation,, 6,,
dnn_MNIST_100-100-100_7.500000000000001e-05_0005
dnn_MNIST_100-100-100_0.0001_0001, 98.07999420166016, , 5, 5, 9,, 0, 0, 1,, 0, 0, 1,, 22.382843494415283,, network, relaxation,, 23,,
dnn_MNIST_100-100-100_0.0001_0002, 98.06999969482422, , 5, 5, 4,, 1, 1, 2,, 0, 0, 1,, 4.773889780044556,, network, relaxation,, 14,,
dnn_MNIST_100-100-100_0.0001_0003, 98.23999786376953, , 5, 5, 4,, 0, 0, 0,, 0, 0, 0,, 7.3703413009643555,, network, relaxation,, 11,,
dnn_MNIST_100-100-100_0.0001_0004, 98.0199966430664, , 3, 3, 8,, 0, 0, 0,, 1, 1, 1,, 3.7981646060943604,, network, relaxation,, 13,,
dnn_MNIST_100-100-100_0.0001_0005
dnn_MNIST_100-100-100_0.000125_0001, 97.97000122070312, , 10, 10, 10,, 5, 5, 2,, 4, 4, 6,, 41.44468688964844,, network, relaxation,, 42,,
dnn_MNIST_100-100-100_0.000125_0002, 98.11000061035156, , 11, 11, 11,, 6, 6, 1,, 4, 4, 2,, 433.7709023952484,, network, relaxation,, 43,,
dnn_MNIST_100-100-100_0.000125_0003, 98.22999572753906, , 9, 9, 11,, 4, 4, 7,, 2, 2, 7,, 66.40210318565369,, network, relaxation,, 45,,
dnn_MNIST_100-100-100_0.000125_0004, 98.0199966430664, , 8, 8, 11,, 4, 4, 3,, 4, 4, 6,, 97.39959359169006,, network, relaxation,, 42,,
dnn_MNIST_100-100-100_0.000125_0005, 98.11000061035156, , 4, 4, 13,, 3, 3, 4,, 7, 7, 2,, 9430.63275885582,, network, relaxation,, 38,,
dnn_MNIST_100-100-100_0.00015000000000000001_0001, 97.90999603271484, , 16, 16, 15,, 18, 18, 4,, 18, 18, 10,, 5.262166500091553,, network, relaxation,, 87,,
dnn_MNIST_100-100-100_0.00015000000000000001_0002, 98.1199951171875, , 8, 8, 17,, 14, 14, 15,, 13, 13, 8,, 173.35279965400696,, network, relaxation,, 79,,
dnn_MNIST_100-100-100_0.00015000000000000001_0003, 98.25, , 18, 18, 13,, 18, 18, 10,, 13, 13, 14,, 37.5875825881958,, network, relaxation,, 92,,
dnn_MNIST_100-100-100_0.00015000000000000001_0004, 98.13999938964844, , 19, 19, 13,, 14, 14, 10,, 17, 17, 8,, 293.77973675727844,, network, relaxation,, 89,,
dnn_MNIST_100-100-100_0.00015000000000000001_0005, 98.18999481201172, , 18, 18, 11,, 10, 10, 10,, 12, 12, 10,, 18.482497930526733,, network, relaxation,, 76,,
dnn_MNIST_100-100-100_0.000175_0001, 98.04000091552734, , 27, 27, 14,, 35, 35, 9,, 20, 20, 13,, 55.09692192077637,, network, relaxation,, 123,,
dnn_MNIST_100-100-100_0.000175_0002, 98.25999450683594, , 14, 14, 16,, 33, 33, 7,, 34, 34, 8,, 79.5442304611206,, network, relaxation,, 121,,
dnn_MNIST_100-100-100_0.000175_0003, 97.97999572753906, , 15, 15, 23,, 32, 32, 7,, 31, 31, 10,, 7.976446628570557,, network, relaxation,, 123,,
dnn_MNIST_100-100-100_0.000175_0004, 98.07999420166016, , 18, 18, 21,, 31, 31, 7,, 30, 30, 4,, 160.91541147232056,, network, relaxation,, 118,,
dnn_MNIST_100-100-100_0.000175_0005, 98.13999938964844, , 19, 19, 17,, 27, 27, 9,, 18, 18, 15,, 46.82695245742798,, network, relaxation,, 113,,
dnn_MNIST_100-100-100_0.0002_0001, 97.97000122070312, , 17, 17, 27,, 35, 35, 12,, 30, 30, 15,, 5.88534688949585,, network, relaxation,, 141,,
dnn_MNIST_100-100-100_0.0002_0002, 97.86000061035156, , 20, 20, 23,, 42, 42, 7,, 24, 24, 17,, 16.71045994758606,, network, relaxation,, 136,,
dnn_MNIST_100-100-100_0.0002_0003, 98.15999603271484, , 20, 20, 23,, 36, 36, 16,, 33, 33, 11,, 60.97211670875549,, network, relaxation,, 146,,
dnn_MNIST_100-100-100_0.0002_0004, 97.93999481201172, , 17, 17, 26,, 35, 35, 16,, 23, 23, 15,, 9.357558727264404,, network, relaxation,, 136,,
dnn_MNIST_100-100-100_0.0002_0005, 97.93999481201172, , 17, 17, 23,, 32, 32, 18,, 32, 32, 17,, 15.289900779724121,, network, relaxation,, 141,,
dnn_MNIST_100-100-100-100_0.0_0001, 98.04000091552734, , 0, 0, 0,, 0, 0, 0,, 0, 0, 0,, 0, 0, 0,, 4.466420650482178,, network, relaxation,, 0,,
dnn_MNIST_100-100-100-100_0.0_0002, 97.83999633789062, , 0, 0, 0,, 0, 0, 0,, 0, 0, 0,, 0, 0, 0,, 4.069725036621094,, network, relaxation,, 0,,
dnn_MNIST_100-100-100-100_0.0_0003, 97.9000015258789, , 0, 0, 0,, 0, 0, 0,, 0, 0, 0,, 0, 0, 0,, 4.293431043624878,, network, relaxation,, 0,,
dnn_MNIST_100-100-100-100_0.0_0004, 97.91999816894531, , 0, 0, 0,, 0, 0, 0,, 0, 0, 0,, 0, 0, 0,, 4.133036851882935,, network, relaxation,, 0,,
dnn_MNIST_100-100-100-100_0.0_0005, 97.94999694824219, , 0, 0, 0,, 0, 0, 0,, 0, 0, 0,, 0, 0, 0,, 3.8398401737213135,, network, relaxation,, 0,,
dnn_MNIST_100-100-100-100_2.5e-05_0001
dnn_MNIST_100-100-100-100_2.5e-05_0002, 98.0999984741211, , 0, 0, 0,, 0, 0, 0,, 0, 0, 0,, 0, 0, 0,, 109.56598949432373,, network, relaxation,, 3,,
dnn_MNIST_100-100-100-100_2.5e-05_0003
dnn_MNIST_100-100-100-100_2.5e-05_0004, 98.11000061035156, , 0, 0, 0,, 0, 0, 0,, 0, 0, 0,, 0, 0, 0,, 615.8967297077179,, network, relaxation,, 2,,
dnn_MNIST_100-100-100-100_2.5e-05_0005
dnn_MNIST_100-100-100-100_5e-05_0001, 98.30999755859375, , 0, 0, 1,, 0, 0, 0,, 0, 0, 0,, 0, 0, 0,, 104.8509750366211,, network, relaxation,, 3,,
dnn_MNIST_100-100-100-100_5e-05_0002
dnn_MNIST_100-100-100-100_5e-05_0003, 98.13999938964844, , -, -, -,, -, -, -,, -, -, -,, -, -, -,, 24782.65426826477,, network, relaxation,, 4,,
dnn_MNIST_100-100-100-100_5e-05_0004
dnn_MNIST_100-100-100-100_5e-05_0005
dnn_MNIST_100-100-100-100_7.500000000000001e-05_0001
dnn_MNIST_100-100-100-100_7.500000000000001e-05_0002, 98.20999908447266, , -, -, -,, -, -, -,, -, -, -,, -, -, -,, 13017.832443475723,, network, relaxation,, 13,,
dnn_MNIST_100-100-100-100_7.500000000000001e-05_0003, 98.12999725341797, , 1, 1, 6,, 0, 0, 0,, 0, 0, 0,, 0, 0, 0,, 6.871837139129639,, network, relaxation,, 9,,
dnn_MNIST_100-100-100-100_7.500000000000001e-05_0004, 98.2699966430664, , 0, 0, 3,, 0, 0, 0,, 0, 0, 0,, 0, 0, 0,, 606.4443852901459,, network, relaxation,, 5,,
dnn_MNIST_100-100-100-100_7.500000000000001e-05_0005, 98.22999572753906, , -, -, -,, -, -, -,, -, -, -,, -, -, -,, 13022.533987998962,, network, relaxation,, 10,,
dnn_MNIST_100-100-100-100_0.0001_0001
dnn_MNIST_100-100-100-100_0.0001_0002, 98.05999755859375, , 0, 0, 8,, 0, 0, 0,, 0, 0, 1,, 0, 0, 0,, 6011.05938911438,, network, relaxation,, 14,,
dnn_MNIST_100-100-100-100_0.0001_0003, 98.23999786376953, , -, -, -,, -, -, -,, -, -, -,, -, -, -,, 14035.686522006989,, network, relaxation,, 24,,
dnn_MNIST_100-100-100-100_0.0001_0004, 98.13999938964844, , -, -, -,, -, -, -,, -, -, -,, -, -, -,, 21372.06669139862,, network, relaxation,, 26,,
dnn_MNIST_100-100-100-100_0.0001_0005, 98.16999816894531, , 2, 2, 11,, 0, 0, 2,, 0, 0, 1,, 0, 0, 1,, 7.300325155258179,, network, relaxation,, 19,,
dnn_MNIST_100-100-100-100_0.000125_0001, 98.23999786376953, , -, -, -,, -, -, -,, -, -, -,, -, -, -,, 10851.077753305435,, network, relaxation,, 59,,
dnn_MNIST_100-100-100-100_0.000125_0002
dnn_MNIST_100-100-100-100_0.000125_0003, 98.18000030517578, , -, -, -,, -, -, -,, -, -, -,, -, -, -,, 10816.419299840927,, network, relaxation,, 54,,
dnn_MNIST_100-100-100-100_0.000125_0004, 98.43000030517578, , -, -, -,, -, -, -,, -, -, -,, -, -, -,, 11097.796140432358,, network, relaxation,, 45,,
dnn_MNIST_100-100-100-100_0.000125_0005, 98.1199951171875, , -, -, -,, -, -, -,, -, -, -,, -, -, -,, 19415.48642539978,, network, relaxation,, 63,,
dnn_MNIST_100-100-100-100_0.00015000000000000001_0001, 98.15999603271484, , -, -, -,, -, -, -,, -, -, -,, -, -, -,, 10812.949914932251,, network, relaxation,, 124,,
dnn_MNIST_100-100-100-100_0.00015000000000000001_0002, 98.1199951171875, , 9, 9, 17,, 8, 8, 12,, 26, 26, 8,, 18, 18, 11,, 250.53024578094482,, network, relaxation,, 116,,
dnn_MNIST_100-100-100-100_0.00015000000000000001_0003, 97.93999481201172, , 8, 8, 14,, 17, 17, 15,, 22, 22, 7,, 21, 21, 16,, 2178.7369170188904,, network, relaxation,, 135,,
dnn_MNIST_100-100-100-100_0.00015000000000000001_0004, 98.16999816894531, , -, -, -,, -, -, -,, -, -, -,, -, -, -,, 12116.076878786087,, network, relaxation,, 135,,
dnn_MNIST_100-100-100-100_0.00015000000000000001_0005, 98.25999450683594, , 11, 11, 12,, 12, 12, 8,, 18, 18, 8,, 18, 18, 7,, 3089.454882621765,, network, relaxation,, 107,,
dnn_MNIST_100-100-100-100_0.000175_0001, 98.31999969482422, , 16, 16, 18,, 24, 24, 10,, 38, 38, 10,, 33, 33, 16,, 1253.1313331127167,, network, relaxation,, 179,,
dnn_MNIST_100-100-100-100_0.000175_0002, 98.12999725341797, , 12, 12, 20,, 24, 24, 13,, 34, 34, 12,, 27, 27, 14,, 547.3948528766632,, network, relaxation,, 170,,
dnn_MNIST_100-100-100-100_0.000175_0003, 98.02999877929688, , 11, 11, 27,, 24, 24, 9,, 39, 39, 8,, 26, 26, 9,, 317.97743129730225,, network, relaxation,, 160,,
dnn_MNIST_100-100-100-100_0.000175_0004, 98.1199951171875, , 12, 12, 21,, 25, 25, 15,, 38, 38, 14,, 27, 27, 13,, 5208.892636299133,, network, relaxation,, 173,,
dnn_MNIST_100-100-100-100_0.000175_0005, 98.0999984741211, , 11, 11, 17,, 25, 25, 9,, 39, 39, 11,, 25, 25, 16,, 33.221930742263794,, network, relaxation,, 159,,
dnn_MNIST_100-100-100-100_0.0002_0001, 97.94999694824219, , -, -, -,, -, -, -,, -, -, -,, -, -, -,, 11040.842587471008,, network, relaxation,, 192,,
dnn_MNIST_100-100-100-100_0.0002_0002, 98.16999816894531, , 18, 18, 19,, 32, 32, 13,, 44, 44, 13,, 37, 37, 12,, 3018.340644598007,, network, relaxation,, 196,,
dnn_MNIST_100-100-100-100_0.0002_0003, 98.07999420166016, , 11, 11, 32,, 26, 26, 16,, 48, 48, 15,, 30, 30, 14,, 1066.6363191604614,, network, relaxation,, 199,,
dnn_MNIST_100-100-100-100_0.0002_0004, 98.11000061035156, , 8, 8, 28,, 31, 31, 15,, 42, 42, 16,, 36, 36, 14,, 440.93306493759155,, network, relaxation,, 194,,
dnn_MNIST_100-100-100-100_0.0002_0005, 98.00999450683594, , 15, 15, 24,, 33, 33, 14,, 40, 40, 12,, 29, 29, 21,, 89.70524454116821,, network, relaxation,, 199,,
dnn_MNIST_100-100-100-100-100_0.0_0001
dnn_MNIST_100-100-100-100-100_0.0_0002, 98.08999633789062, , 0, 0, 0,, 0, 0, 0,, 0, 0, 0,, 0, 0, 0,, 0, 0, 0,, 877.9676699638367,, network, relaxation,, 2,,
dnn_MNIST_100-100-100-100-100_0.0_0003
dnn_MNIST_100-100-100-100-100_0.0_0004, 98.02999877929688, , 0, 0, 0,, 0, 0, 0,, 0, 0, 0,, 0, 0, 0,, 0, 0, 0,, 4.551424741744995,, network, relaxation,, 0,,
dnn_MNIST_100-100-100-100-100_0.0_0005
dnn_MNIST_100-100-100-100-100_2.5e-05_0001, 98.07999420166016, , -, -, -,, -, -, -,, -, -, -,, -, -, -,, -, -, -,, 10854.973786354065,, network, relaxation,, 5,,
dnn_MNIST_100-100-100-100-100_2.5e-05_0002, 98.23999786376953, , 0, 0, 0,, 0, 0, 0,, 0, 0, 0,, 0, 0, 0,, 0, 0, 0,, 892.3412358760834,, network, relaxation,, 2,,
dnn_MNIST_100-100-100-100-100_2.5e-05_0003, 98.20999908447266, , -, -, -,, -, -, -,, -, -, -,, -, -, -,, -, -, -,, 11087.011435747147,, network, relaxation,, 6,,
dnn_MNIST_100-100-100-100-100_2.5e-05_0004, 98.22999572753906, , -, -, -,, -, -, -,, -, -, -,, -, -, -,, -, -, -,, 10850.247747659683,, network, relaxation,, 5,,
dnn_MNIST_100-100-100-100-100_2.5e-05_0005
dnn_MNIST_100-100-100-100-100_5e-05_0001, 98.1500015258789, , -, -, -,, -, -, -,, -, -, -,, -, -, -,, -, -, -,, 10903.613045692444,, network, relaxation,, 6,,
dnn_MNIST_100-100-100-100-100_5e-05_0002, 98.3499984741211, , -, -, -,, -, -, -,, -, -, -,, -, -, -,, -, -, -,, 11011.819009304047,, network, relaxation,, 9,,
dnn_MNIST_100-100-100-100-100_5e-05_0003, 98.18000030517578, , -, -, -,, -, -, -,, -, -, -,, -, -, -,, -, -, -,, 10801.12116074562,, network, relaxation,, 5,,
dnn_MNIST_100-100-100-100-100_5e-05_0004
dnn_MNIST_100-100-100-100-100_5e-05_0005, 98.25, , -, -, -,, -, -, -,, -, -, -,, -, -, -,, -, -, -,, 10842.908232688904,, network, relaxation,, 6,,
dnn_MNIST_100-100-100-100-100_7.500000000000001e-05_0001, 98.19999694824219, , -, -, -,, -, -, -,, -, -, -,, -, -, -,, -, -, -,, 10814.352324485779,, network, relaxation,, 7,,
dnn_MNIST_100-100-100-100-100_7.500000000000001e-05_0002
dnn_MNIST_100-100-100-100-100_7.500000000000001e-05_0003, 98.31999969482422, , -, -, -,, -, -, -,, -, -, -,, -, -, -,, -, -, -,, 10801.096937179565,, network, relaxation,, 12,,
dnn_MNIST_100-100-100-100-100_7.500000000000001e-05_0004, 98.18000030517578, , -, -, -,, -, -, -,, -, -, -,, -, -, -,, -, -, -,, 10800.711467981339,, network, relaxation,, 17,,
dnn_MNIST_100-100-100-100-100_7.500000000000001e-05_0005, 98.22000122070312, , -, -, -,, -, -, -,, -, -, -,, -, -, -,, -, -, -,, 10811.843756914139,, network, relaxation,, 10,,
dnn_MNIST_100-100-100-100-100_0.0001_0001, 98.13999938964844, , -, -, -,, -, -, -,, -, -, -,, -, -, -,, -, -, -,, 10845.977350234985,, network, relaxation,, 30,,
dnn_MNIST_100-100-100-100-100_0.0001_0002, 98.16999816894531, , -, -, -,, -, -, -,, -, -, -,, -, -, -,, -, -, -,, 10848.971490859985,, network, relaxation,, 32,,
dnn_MNIST_100-100-100-100-100_0.0001_0003, 98.1500015258789, , -, -, -,, -, -, -,, -, -, -,, -, -, -,, -, -, -,, 12104.207824230194,, network, relaxation,, 25,,
dnn_MNIST_100-100-100-100-100_0.0001_0004, 98.15999603271484, , -, -, -,, -, -, -,, -, -, -,, -, -, -,, -, -, -,, 10876.77124261856,, network, relaxation,, 18,,
dnn_MNIST_100-100-100-100-100_0.0001_0005, 98.2699966430664, , -, -, -,, -, -, -,, -, -, -,, -, -, -,, -, -, -,, 10864.516392230988,, network, relaxation,, 36,,
dnn_MNIST_100-100-100-100-100_0.000125_0001, 98.06999969482422, , -, -, -,, -, -, -,, -, -, -,, -, -, -,, -, -, -,, 10831.974345684052,, network, relaxation,, 64,,
dnn_MNIST_100-100-100-100-100_0.000125_0002, 98.13999938964844, , -, -, -,, -, -, -,, -, -, -,, -, -, -,, -, -, -,, 10883.242335319519,, network, relaxation,, 78,,
dnn_MNIST_100-100-100-100-100_0.000125_0003, 98.25999450683594, , -, -, -,, -, -, -,, -, -, -,, -, -, -,, -, -, -,, 10800.015905857086,, network, relaxation,, 71,,
dnn_MNIST_100-100-100-100-100_0.000125_0004, 98.04000091552734, , -, -, -,, -, -, -,, -, -, -,, -, -, -,, -, -, -,, 14114.79378771782,, network, relaxation,, 83,,
dnn_MNIST_100-100-100-100-100_0.000125_0005, 98.33999633789062, , -, -, -,, -, -, -,, -, -, -,, -, -, -,, -, -, -,, 10810.393992900848,, network, relaxation,, 83,,
dnn_MNIST_100-100-100-100-100_0.00015000000000000001_0001, 97.94999694824219, , -, -, -,, -, -, -,, -, -, -,, -, -, -,, -, -, -,, 10809.721055269241,, network, relaxation,, 148,,
dnn_MNIST_100-100-100-100-100_0.00015000000000000001_0002, 98.25, , -, -, -,, -, -, -,, -, -, -,, -, -, -,, -, -, -,, 11054.699269533157,, network, relaxation,, 140,,
dnn_MNIST_100-100-100-100-100_0.00015000000000000001_0003, 98.12999725341797, , -, -, -,, -, -, -,, -, -, -,, -, -, -,, -, -, -,, 10805.874191522598,, network, relaxation,, 150,,
dnn_MNIST_100-100-100-100-100_0.00015000000000000001_0004, 98.29000091552734, , -, -, -,, -, -, -,, -, -, -,, -, -, -,, -, -, -,, 12174.889964103699,, network, relaxation,, 175,,
dnn_MNIST_100-100-100-100-100_0.00015000000000000001_0005, 98.04999542236328, , -, -, -,, -, -, -,, -, -, -,, -, -, -,, -, -, -,, 10818.56874871254,, network, relaxation,, 168,,
dnn_MNIST_100-100-100-100-100_0.000175_0001, 98.12999725341797, , -, -, -,, -, -, -,, -, -, -,, -, -, -,, -, -, -,, 10851.18163561821,, network, relaxation,, 223,,
dnn_MNIST_100-100-100-100-100_0.000175_0002, 98.02999877929688, , 9, 9, 23,, 15, 15, 13,, 25, 25, 15,, 45, 45, 10,, 31, 31, 12,, 1334.3193180561066,, network, relaxation,, 209,,
dnn_MNIST_100-100-100-100-100_0.000175_0003, 98.0999984741211, , -, -, -,, -, -, -,, -, -, -,, -, -, -,, -, -, -,, 10810.764870643616,, network, relaxation,, 231,,
dnn_MNIST_100-100-100-100-100_0.000175_0004, 98.25999450683594, , -, -, -,, -, -, -,, -, -, -,, -, -, -,, -, -, -,, 10802.690737724304,, network, relaxation,, 226,,
dnn_MNIST_100-100-100-100-100_0.000175_0005, 98.25999450683594, , 14, 14, 19,, 21, 21, 14,, 36, 36, 14,, 35, 35, 15,, 31, 31, 16,, 6405.692990064621,, network, relaxation,, 232,,
dnn_MNIST_100-100-100-100-100_0.0002_0001, 98.15999603271484, , 10, 10, 29,, 20, 20, 20,, 41, 41, 17,, 46, 46, 16,, 42, 42, 16,, 4789.4527497291565,, network, relaxation,, 268,,
dnn_MNIST_100-100-100-100-100_0.0002_0002, 98.08999633789062, , 20, 20, 19,, 26, 26, 16,, 42, 42, 18,, 49, 49, 13,, 28, 28, 16,, 3405.539330482483,, network, relaxation,, 257,,
dnn_MNIST_100-100-100-100-100_0.0002_0003, 98.1199951171875, , -, -, -,, -, -, -,, -, -, -,, -, -, -,, -, -, -,, 10829.125220775604,, network, relaxation,, 273,,
dnn_MNIST_100-100-100-100-100_0.0002_0004, 98.2699966430664, , 15, 15, 23,, 25, 25, 15,, 44, 44, 22,, 41, 41, 16,, 43, 43, 16,, 2810.2199578285217,, network, relaxation,, 270,,
dnn_MNIST_100-100-100-100-100_0.0002_0005
